(title "Velocity Magnitude")
(labels "Position" "Velocity Magnitude")

((xy/key/label "midline")
0.0175583	0.15572
0.0196319	0.118726
0.0213599	0.0837328
0.0227999	0.0519353
0.0239999	0.0236826
0.0249999	0
-0.0249691	0
-0.0244616	0.0120714
-0.0239703	0.0237772
-0.0233582	0.0382504
-0.0227718	0.0521437
-0.0220322	0.0685564
-0.0213336	0.0841047
-0.0204379	0.10233
-0.0196077	0.119289
-0.0185188	0.138743
-0.0175367	0.156075
-0.0175349	0.156099
-0.0175337	0.156114
-0.0168923	0.16468
-0.016888	0.164739
-0.0156299	0.181638
-0.0155079	0.183197
-0.0142822	0.19665
-0.0135301	0.204338
-0.0131297	0.207892
-0.0127503	0.210921
-0.0119733	0.217124
-0.0110537	0.224299
-0.0102571	0.229281
-0.0102086	0.229584
-0.0093345	0.235063
-0.00818548	0.241481
-0.00815887	0.241629
-0.00771763	0.243682
-0.00683021	0.247141
-0.006593	0.248066
-0.00571892	0.250691
-0.00445341	0.254513
-0.00380072	0.256199
-0.00257278	0.257853
-0.00204335	0.258574
-0.00198271	0.258657
-0.000764197	0.259684
-0.000593793	0.259727
-0.000189254	0.259696
0.00117622	0.259226
0.00230944	0.258615
0.00236629	0.258576
0.0024304	0.258533
0.00279566	0.258072
0.00377511	0.256609
0.00393764	0.256366
0.00467847	0.254838
0.00496242	0.254094
0.00639326	0.249507
0.00641304	0.249429
0.00723549	0.246186
0.00744543	0.245203
0.00913117	0.236685
0.00982342	0.232307
0.0102746	0.22943
0.0104729	0.228107
0.0116331	0.220366
0.012531	0.213555
0.0127113	0.212003
0.0136953	0.202449
0.0137469	0.201949
0.0141926	0.197471
0.0146721	0.192758
0.0148297	0.191209
0.0150769	0.18846
0.0151062	0.188134
0.0158144	0.180403
0.0174324	0.157494
0.0175261	0.156167
0.017558	0.155724
0.0175583	0.15572
0.0176214	0.154594
0.0196319	0.118726
0.0196863	0.117624
0.0213599	0.0837328
0.0214065	0.0827046
0.0227999	0.0519353
0.0228395	0.0510017
0.0239999	0.0236826
0.0240335	0.0228859
0.0249999	0
)
