nodenumber,    x-coordinate,    y-coordinate,    z-coordinate,       water-vof
         1,-2.499000924E-01, 1.999999921E+00,-6.815335926E-10, 9.995488227E-01
         2,-2.424985704E-01, 1.999999974E+00, 1.719125376E-10, 9.987752683E-01
         3,-2.241430638E-01, 1.999999993E+00,-1.421499433E-10, 9.942601589E-01
         4,-1.999999946E-01, 1.999999917E+00,-9.237821637E-14, 9.914156844E-01
         5,-1.799999973E-01, 1.999999940E+00,-2.384375648E-10, 9.919804880E-01
         6,-1.599999976E-01, 1.999999940E+00,-2.384375648E-10, 9.922603161E-01
         7,-1.399999962E-01, 1.999999917E+00,-9.237821637E-14, 9.908150917E-01
         8,-1.199999968E-01, 1.999999917E+00,-9.237821637E-14, 9.892308561E-01
         9,-9.999999732E-02, 1.999999917E+00,-9.237821637E-14, 9.913987354E-01
        10,-7.999999785E-02, 1.999999917E+00,-9.237821637E-14, 9.955427851E-01
        11,-5.999999839E-02, 1.999999917E+00,-9.237821637E-14, 9.960319735E-01
        12,-3.999999893E-02, 1.999999917E+00,-9.237821637E-14, 9.805272102E-01
        13,-1.999999946E-02, 1.999999917E+00,-9.237821637E-14, 9.560241015E-01
        14, 0.000000000E+00, 1.999999917E+00,-9.237821637E-14, 9.497443844E-01
        15, 1.999999946E-02, 1.999999917E+00,-9.237821637E-14, 9.699718894E-01
        16, 3.999999893E-02, 1.999999917E+00,-9.237821637E-14, 9.896237061E-01
        17, 5.999999839E-02, 1.999999917E+00,-9.237821637E-14, 9.936921653E-01
        18, 7.999999785E-02, 1.999999917E+00,-9.237821637E-14, 9.949285830E-01
        19, 9.999999732E-02, 1.999999917E+00,-9.237821637E-14, 9.955601532E-01
        20, 1.199999968E-01, 1.999999917E+00,-9.237821637E-14, 9.958399364E-01
        21, 1.399999962E-01, 1.999999917E+00,-9.237821637E-14, 9.957920521E-01
        22, 1.599999957E-01, 1.999999917E+00,-9.237821637E-14, 9.951808724E-01
        23, 1.799999952E-01, 1.999999917E+00,-9.237821637E-14, 9.944829140E-01
        24, 1.999999970E-01, 1.999999940E+00,-2.384375648E-10, 9.934810393E-01
        25, 2.000652549E-01, 1.999999932E+00,-1.947417423E-13, 9.934789773E-01
        26, 2.297293810E-01, 1.999999899E+00,-1.395601645E-10, 9.962694695E-01
        27, 2.140367862E-01, 2.000000018E+00, 9.773417542E-11, 9.930231201E-01
        28, 2.320743695E-01, 2.000000028E+00,-3.809453619E-11, 9.968860732E-01
        29, 2.327275837E-01, 1.999999957E+00,-7.478794206E-11, 9.970782692E-01
        30,-2.272985484E-01, 2.000000079E+00, 6.823675826E-11, 9.951212120E-01
        31, 2.359206623E-01, 2.000000057E+00,-1.130583084E-11, 9.979220152E-01
        32, 2.447632171E-01, 1.999999975E+00, 2.472864420E-10, 9.995535804E-01
        33, 2.499177417E-01, 1.999999975E+00,-1.247288798E-10, 9.998416413E-01
        34,-2.143357895E-01, 2.000000122E+00, 1.061638205E-10, 9.921596581E-01
