nodenumber,    x-coordinate,    y-coordinate,    z-coordinate,       water-vof
         1,-2.499000924E-01, 1.999999921E+00,-6.815335926E-10, 9.996331721E-01
         2,-2.424985704E-01, 1.999999974E+00, 1.719125376E-10, 9.988778697E-01
         3,-2.241430638E-01, 1.999999993E+00,-1.421499433E-10, 9.946116119E-01
         4,-1.999999946E-01, 1.999999917E+00,-9.237821637E-14, 9.914832904E-01
         5,-1.799999973E-01, 1.999999940E+00,-2.384375648E-10, 9.919410328E-01
         6,-1.599999976E-01, 1.999999940E+00,-2.384375648E-10, 9.915064487E-01
         7,-1.399999962E-01, 1.999999917E+00,-9.237821637E-14, 9.871456543E-01
         8,-1.199999968E-01, 1.999999917E+00,-9.237821637E-14, 9.782195146E-01
         9,-9.999999732E-02, 1.999999917E+00,-9.237821637E-14, 9.670357381E-01
        10,-7.999999785E-02, 1.999999917E+00,-9.237821637E-14, 9.491463251E-01
        11,-5.999999839E-02, 1.999999917E+00,-9.237821637E-14, 9.265113486E-01
        12,-3.999999893E-02, 1.999999917E+00,-9.237821637E-14, 9.129955768E-01
        13,-1.999999946E-02, 1.999999917E+00,-9.237821637E-14, 9.196307694E-01
        14, 0.000000000E+00, 1.999999917E+00,-9.237821637E-14, 9.440662309E-01
        15, 1.999999946E-02, 1.999999917E+00,-9.237821637E-14, 9.689595273E-01
        16, 3.999999893E-02, 1.999999917E+00,-9.237821637E-14, 9.841761967E-01
        17, 5.999999839E-02, 1.999999917E+00,-9.237821637E-14, 9.912853261E-01
        18, 7.999999785E-02, 1.999999917E+00,-9.237821637E-14, 9.941192744E-01
        19, 9.999999732E-02, 1.999999917E+00,-9.237821637E-14, 9.954692965E-01
        20, 1.199999968E-01, 1.999999917E+00,-9.237821637E-14, 9.963485429E-01
        21, 1.399999962E-01, 1.999999917E+00,-9.237821637E-14, 9.962435807E-01
        22, 1.599999957E-01, 1.999999917E+00,-9.237821637E-14, 9.950424904E-01
        23, 1.799999952E-01, 1.999999917E+00,-9.237821637E-14, 9.943212463E-01
        24, 1.999999970E-01, 1.999999940E+00,-2.384375648E-10, 9.938371130E-01
        25, 2.000652549E-01, 1.999999932E+00,-1.947417423E-13, 9.938318689E-01
        26, 2.297293810E-01, 1.999999899E+00,-1.395601645E-10, 9.959842058E-01
        27, 2.140367862E-01, 2.000000018E+00, 9.773417542E-11, 9.926966311E-01
        28, 2.320743695E-01, 2.000000028E+00,-3.809453619E-11, 9.966800934E-01
        29, 2.327275837E-01, 1.999999957E+00,-7.478794206E-11, 9.969159200E-01
        30,-2.272985484E-01, 2.000000079E+00, 6.823675826E-11, 9.954268009E-01
        31, 2.359206623E-01, 2.000000057E+00,-1.130583084E-11, 9.978048238E-01
        32, 2.447632171E-01, 1.999999975E+00, 2.472864420E-10, 9.994546500E-01
        33, 2.499177417E-01, 1.999999975E+00,-1.247288798E-10, 9.997723666E-01
        34,-2.143357895E-01, 2.000000122E+00, 1.061638205E-10, 9.923491336E-01
