nodenumber,    x-coordinate,    y-coordinate,    z-coordinate,       water-vof
         1,-2.499000924E-01, 1.999999921E+00,-6.815335926E-10, 9.996195312E-01
         2,-2.424985704E-01, 1.999999974E+00, 1.719125376E-10, 9.988897507E-01
         3,-2.241430638E-01, 1.999999993E+00,-1.421499433E-10, 9.945636870E-01
         4,-1.999999946E-01, 1.999999917E+00,-9.237821637E-14, 9.913757223E-01
         5,-1.799999973E-01, 1.999999940E+00,-2.384375648E-10, 9.921067199E-01
         6,-1.599999976E-01, 1.999999940E+00,-2.384375648E-10, 9.922255040E-01
         7,-1.399999962E-01, 1.999999917E+00,-9.237821637E-14, 9.866985644E-01
         8,-1.199999968E-01, 1.999999917E+00,-9.237821637E-14, 9.781203816E-01
         9,-9.999999732E-02, 1.999999917E+00,-9.237821637E-14, 9.735752526E-01
        10,-7.999999785E-02, 1.999999917E+00,-9.237821637E-14, 9.753607282E-01
        11,-5.999999839E-02, 1.999999917E+00,-9.237821637E-14, 9.769731502E-01
        12,-3.999999893E-02, 1.999999917E+00,-9.237821637E-14, 9.642622708E-01
        13,-1.999999946E-02, 1.999999917E+00,-9.237821637E-14, 9.493919741E-01
        14, 0.000000000E+00, 1.999999917E+00,-9.237821637E-14, 9.486431689E-01
        15, 1.999999946E-02, 1.999999917E+00,-9.237821637E-14, 9.637197800E-01
        16, 3.999999893E-02, 1.999999917E+00,-9.237821637E-14, 9.833686562E-01
        17, 5.999999839E-02, 1.999999917E+00,-9.237821637E-14, 9.922764778E-01
        18, 7.999999785E-02, 1.999999917E+00,-9.237821637E-14, 9.945603632E-01
        19, 9.999999732E-02, 1.999999917E+00,-9.237821637E-14, 9.953865662E-01
        20, 1.199999968E-01, 1.999999917E+00,-9.237821637E-14, 9.961162324E-01
        21, 1.399999962E-01, 1.999999917E+00,-9.237821637E-14, 9.962219513E-01
        22, 1.599999957E-01, 1.999999917E+00,-9.237821637E-14, 9.952634518E-01
        23, 1.799999952E-01, 1.999999917E+00,-9.237821637E-14, 9.944180824E-01
        24, 1.999999970E-01, 1.999999940E+00,-2.384375648E-10, 9.937491879E-01
        25, 2.000652549E-01, 1.999999932E+00,-1.947417423E-13, 9.937457596E-01
        26, 2.297293810E-01, 1.999999899E+00,-1.395601645E-10, 9.961000268E-01
        27, 2.140367862E-01, 2.000000018E+00, 9.773417542E-11, 9.930023310E-01
        28, 2.320743695E-01, 2.000000028E+00,-3.809453619E-11, 9.967525205E-01
        29, 2.327275837E-01, 1.999999957E+00,-7.478794206E-11, 9.969692358E-01
        30,-2.272985484E-01, 2.000000079E+00, 6.823675826E-11, 9.954046447E-01
        31, 2.359206623E-01, 2.000000057E+00,-1.130583084E-11, 9.978403783E-01
        32, 2.447632171E-01, 1.999999975E+00, 2.472864420E-10, 9.994882861E-01
        33, 2.499177417E-01, 1.999999975E+00,-1.247288798E-10, 9.997825229E-01
        34,-2.143357895E-01, 2.000000122E+00, 1.061638205E-10, 9.922730028E-01
