nodenumber,    x-coordinate,    y-coordinate,    z-coordinate,       water-vof
         1,-2.499000924E-01, 1.999999921E+00,-6.815335926E-10, 9.995374643E-01
         2,-2.424985704E-01, 1.999999974E+00, 1.719125376E-10, 9.987525594E-01
         3,-2.241430638E-01, 1.999999993E+00,-1.421499433E-10, 9.942711971E-01
         4,-1.999999946E-01, 1.999999917E+00,-9.237821637E-14, 9.914580670E-01
         5,-1.799999973E-01, 1.999999940E+00,-2.384375648E-10, 9.919332637E-01
         6,-1.599999976E-01, 1.999999940E+00,-2.384375648E-10, 9.923736683E-01
         7,-1.399999962E-01, 1.999999917E+00,-9.237821637E-14, 9.917135881E-01
         8,-1.199999968E-01, 1.999999917E+00,-9.237821637E-14, 9.913780872E-01
         9,-9.999999732E-02, 1.999999917E+00,-9.237821637E-14, 9.931591697E-01
        10,-7.999999785E-02, 1.999999917E+00,-9.237821637E-14, 9.952882854E-01
        11,-5.999999839E-02, 1.999999917E+00,-9.237821637E-14, 9.938847669E-01
        12,-3.999999893E-02, 1.999999917E+00,-9.237821637E-14, 9.808279950E-01
        13,-1.999999946E-02, 1.999999917E+00,-9.237821637E-14, 9.571866819E-01
        14, 0.000000000E+00, 1.999999917E+00,-9.237821637E-14, 9.464872902E-01
        15, 1.999999946E-02, 1.999999917E+00,-9.237821637E-14, 9.667494249E-01
        16, 3.999999893E-02, 1.999999917E+00,-9.237821637E-14, 9.893562376E-01
        17, 5.999999839E-02, 1.999999917E+00,-9.237821637E-14, 9.941713705E-01
        18, 7.999999785E-02, 1.999999917E+00,-9.237821637E-14, 9.950296104E-01
        19, 9.999999732E-02, 1.999999917E+00,-9.237821637E-14, 9.955776523E-01
        20, 1.199999968E-01, 1.999999917E+00,-9.237821637E-14, 9.958255606E-01
        21, 1.399999962E-01, 1.999999917E+00,-9.237821637E-14, 9.957415194E-01
        22, 1.599999957E-01, 1.999999917E+00,-9.237821637E-14, 9.951946381E-01
        23, 1.799999952E-01, 1.999999917E+00,-9.237821637E-14, 9.945231807E-01
        24, 1.999999970E-01, 1.999999940E+00,-2.384375648E-10, 9.934429150E-01
        25, 2.000652549E-01, 1.999999932E+00,-1.947417423E-13, 9.934409358E-01
        26, 2.297293810E-01, 1.999999899E+00,-1.395601645E-10, 9.963359949E-01
        27, 2.140367862E-01, 2.000000018E+00, 9.773417542E-11, 9.930013232E-01
        28, 2.320743695E-01, 2.000000028E+00,-3.809453619E-11, 9.969506454E-01
        29, 2.327275837E-01, 1.999999957E+00,-7.478794206E-11, 9.971388793E-01
        30,-2.272985484E-01, 2.000000079E+00, 6.823675826E-11, 9.951153527E-01
        31, 2.359206623E-01, 2.000000057E+00,-1.130583084E-11, 9.979719026E-01
        32, 2.447632171E-01, 1.999999975E+00, 2.472864420E-10, 9.995615441E-01
        33, 2.499177417E-01, 1.999999975E+00,-1.247288798E-10, 9.998492992E-01
        34,-2.143357895E-01, 2.000000122E+00, 1.061638205E-10, 9.922269730E-01
