2	406.513
1.99942	406.506
1.99942	406.58
2	406.58
1.99861	406.492
1.99861	406.551
2	406.479
1.99942	406.473
1.99748	406.489
1.99748	406.534
1.99861	406.464
1.99942	406.468
2	406.473
1.9959	406.488
1.9959	406.529
1.99748	406.459
1.99861	406.457
1.99942	406.475
2	406.48
1.99368	406.527
1.99368	406.486
1.9959	406.456
1.99748	406.45
1.99861	406.465
1.99942	406.479
2	406.485
1.99058	406.525
1.99058	406.483
1.99368	406.453
1.9959	406.447
1.99748	406.457
1.99861	406.466
1.99942	406.457
2	406.466
1.98623	406.479
1.98623	406.523
1.99058	406.448
1.99368	406.445
1.9959	406.454
1.99748	406.457
1.99861	406.44
1.99942	406.425
2	406.435
1.98014	406.471
1.98014	406.518
1.98623	406.441
1.99058	406.442
1.99368	406.452
1.9959	406.452
1.99748	406.431
1.99862	406.407
1.99942	406.409
2	406.416
1.97162	406.449
1.97162	406.505
1.98014	406.43
1.98623	406.437
1.99058	406.449
1.99368	406.449
1.9959	406.427
1.99748	406.399
1.99862	406.392
1.99942	406.4
2	406.406
1.9597	406.401
1.95969	406.48
1.97163	406.413
1.98015	406.432
1.98623	406.445
1.99058	406.444
1.99368	406.422
1.9959	406.395
1.99748	406.382
1.99862	406.387
1.99942	406.397
2	406.402
1.92131	406.389
1.92131	406.288
1.9597	406.394
1.97163	406.425
1.98015	406.44
1.98623	406.437
1.99058	406.417
1.99368	406.391
1.9959	406.378
1.99748	406.379
1.99862	406.386
1.99942	406.399
2	406.404
1.92132	406.294
1.88293	406.304
1.88293	406.126
1.9597	406.415
1.97163	406.431
1.98015	406.427
1.98623	406.408
1.99058	406.386
1.99368	406.374
1.9959	406.375
1.99748	406.379
1.99862	406.386
1.99942	406.393
2	406.399
1.88294	406.133
1.92132	406.332
1.84455	405.935
1.84455	405.668
1.9597	406.413
1.97163	406.41
1.98015	406.396
1.98623	406.379
1.99058	406.369
1.99368	406.371
1.9959	406.375
1.99748	406.377
1.99862	406.38
1.99942	406.383
2	406.389
1.84457	405.603
1.88296	406.146
1.92134	406.314
1.80616	405.112
1.80618	404.719
1.95971	406.38
1.97163	406.376
1.98015	406.367
1.98624	406.362
1.99058	406.367
1.99368	406.372
1.9959	406.374
1.99748	406.371
1.99862	406.37
1.99942	406.383
2	406.389
1.8446	405.572
1.80621	404.595
1.88299	406.098
1.92136	406.269
1.76778	404.004
1.76781	403.523
1.95971	406.344
1.97163	406.348
1.98015	406.352
1.98624	406.361
1.99058	406.368
1.99369	406.37
1.9959	406.367
1.99748	406.363
1.99862	406.371
1.99942	406.389
2	406.394
1.80625	404.597
1.84464	405.532
1.76785	403.474
1.88302	406.056
1.92139	406.224
1.7294	402.822
1.72945	402.356
1.95971	406.318
1.97164	406.336
1.98015	406.351
1.98624	406.362
1.99058	406.366
1.99369	406.364
1.9959	406.36
1.99749	406.363
1.99862	406.377
1.99942	406.391
2	406.396
1.8063	404.637
1.7679	403.58
1.84469	405.539
1.7295	402.381
1.88306	406.031
1.92141	406.201
1.69102	401.556
1.69108	401.154
1.95971	406.311
1.97164	406.338
1.98016	406.354
1.98624	406.36
1.99058	406.36
1.99369	406.357
1.9959	406.36
1.99749	406.369
1.99862	406.379
1.99942	406.394
2	406.4
1.76796	403.645
1.80636	404.689
1.72956	402.495
1.84474	405.564
1.69115	401.181
1.8831	406.019
1.92142	406.191
1.65263	400.078
1.65271	399.66
1.95972	406.315
1.97164	406.341
1.98016	406.351
1.98624	406.354
1.99058	406.354
1.99369	406.357
1.9959	406.366
1.99749	406.371
1.99862	406.382
1.99942	406.402
2	406.407
1.76803	403.682
1.72963	402.495
1.80642	404.736
1.69122	401.219
1.84479	405.571
1.65279	399.706
1.88313	406.005
1.92144	406.195
1.61425	398.135
1.61434	397.621
1.95972	406.321
1.97164	406.339
1.98016	406.345
1.98624	406.348
1.99058	406.353
1.99369	406.363
1.9959	406.368
1.99749	406.374
1.99862	406.39
1.99942	406.404
2	406.409
1.7297	402.506
1.76809	403.698
1.69129	401.154
1.80648	404.754
1.65287	399.752
1.84483	405.562
1.61444	397.731
1.88315	406
1.92145	406.208
1.57587	395.487
1.57597	394.939
1.95972	406.318
1.97164	406.331
1.98016	406.339
1.98624	406.348
1.99058	406.359
1.99369	406.365
1.9959	406.37
1.99749	406.382
1.99862	406.392
1.99942	406.397
2	406.403
1.72978	402.511
1.69137	401.158
1.76816	403.703
1.65296	399.673
1.80653	404.764
1.61453	397.92
1.84487	405.551
1.57608	395.082
1.88317	406.009
1.92146	406.209
1.53749	392.024
1.5376	391.606
1.95972	406.307
1.97165	406.325
1.98016	406.34
1.98624	406.353
1.99059	406.36
1.99369	406.367
1.9959	406.378
1.99749	406.384
1.99862	406.384
1.99942	406.388
2	406.394
1.69146	401.186
1.72985	402.499
1.65305	399.649
1.76823	403.728
1.61463	397.935
1.80658	404.763
1.57619	394.991
1.8449	405.552
1.53772	391.766
1.8832	406.012
1.92147	406.191
1.4991	388.417
1.49923	388.01
1.95973	406.301
1.97165	406.328
1.98016	406.345
1.98624	406.355
1.99059	406.363
1.99369	406.375
1.9959	406.381
1.99749	406.376
1.99862	406.375
2	406.388
1.99942	406.383
1.69154	401.177
1.65314	399.677
1.72993	402.516
1.61473	397.832
1.76829	403.74
1.5763	394.877
1.80663	404.763
1.53784	391.628
1.84493	405.561
1.49936	388.16
1.88322	406.002
1.92148	406.187
1.46072	384.827
1.46086	384.57
1.95973	406.308
1.97165	406.333
1.98016	406.346
1.98624	406.357
1.99059	406.371
1.99369	406.378
1.9959	406.372
1.99749	406.367
1.99862	406.371
1.99942	406.38
2	406.386
1.69163	401.175
1.65324	399.667
1.61483	397.815
1.73	402.528
1.5764	395.009
1.76835	403.74
1.53796	391.576
1.80667	404.767
1.49949	388.202
1.84497	405.566
1.461	384.757
1.88324	405.998
1.9215	406.202
1.42234	381.468
1.42249	381.37
1.95973	406.313
1.97165	406.333
1.98016	406.349
1.98624	406.366
1.99059	406.373
1.99369	406.369
1.9959	406.363
1.99749	406.363
1.99862	406.368
1.99942	406.374
2	406.38
1.65333	399.647
1.69171	401.168
1.61493	397.78
1.57652	395.147
1.73007	402.528
1.53808	391.646
1.76841	403.732
1.49962	388.304
1.80671	404.77
1.46115	384.83
1.845	405.556
1.42264	381.497
1.88327	406.006
1.92151	406.204
1.38396	378.451
1.38412	378.488
1.95974	406.31
1.97165	406.336
1.98017	406.358
1.98625	406.368
1.99059	406.364
1.99369	406.359
1.9959	406.359
1.99749	406.361
1.99862	406.362
1.99942	406.366
2	406.372
1.65342	399.625
1.61503	397.793
1.69179	401.158
1.57663	395.194
1.5382	391.611
1.73014	402.52
1.49976	388.46
1.76846	403.723
1.46129	384.921
1.80676	404.768
1.4228	381.559
1.84503	405.549
1.38428	378.359
1.88329	406
1.92152	406.194
1.34557	376.113
1.34575	375.776
1.95974	406.315
1.97166	406.347
1.98017	406.36
1.98625	406.358
1.99059	406.355
1.99369	406.356
1.9959	406.357
1.99749	406.354
1.99862	406.354
1.99942	406.367
2	406.372
1.61514	397.854
1.65352	399.614
1.57674	395.207
1.69187	401.153
1.53832	391.721
1.49989	388.326
1.73021	402.506
1.46143	385.148
1.76852	403.739
1.42295	381.643
1.8068	404.766
1.38445	378.21
1.84507	405.546
1.34592	375.294
1.88331	405.989
1.92154	406.202
1.30719	374.022
1.30738	373.319
1.95974	406.329
1.97166	406.348
1.98017	406.349
1.98625	406.349
1.99059	406.352
1.99369	406.354
1.9959	406.35
1.99749	406.347
1.99862	406.354
1.99942	406.37
2	406.375
1.61524	397.819
1.57685	395.198
1.65361	399.623
1.53845	391.67
1.69195	401.145
1.50002	388.226
1.46157	385.044
1.73027	402.524
1.4231	381.499
1.76857	403.759
1.38461	378.231
1.80685	404.765
1.3461	375.418
1.8451	405.543
1.30756	372.868
1.88334	405.996
1.92155	406.225
1.26881	370.176
1.26901	370.088
1.95974	406.329
1.97166	406.335
1.98017	406.339
1.98625	406.346
1.99059	406.35
1.99369	406.347
1.99591	406.343
1.99749	406.346
1.99862	406.358
1.99942	406.361
2	406.366
1.57696	395.25
1.61534	397.844
1.53857	391.523
1.6537	399.614
1.50015	388.167
1.69203	401.159
1.46171	384.736
1.42326	381.225
1.73034	402.55
1.38478	378.097
1.76863	403.756
1.34627	375.798
1.80689	404.757
1.30775	373.386
1.84514	405.544
1.2692	370.148
1.88336	406.018
1.92156	406.227
1.23043	366.265
1.23063	366.475
1.95975	406.314
1.97166	406.325
1.98017	406.337
1.98625	406.344
1.99059	406.342
1.99369	406.339
1.99591	406.342
1.99749	406.35
1.99862	406.35
1.99942	406.343
2	406.348
1.57708	395.291
1.53869	391.678
1.61544	397.867
1.50028	388.08
1.65379	399.615
1.46186	384.816
1.69211	401.186
1.42341	381.324
1.38494	377.993
1.73041	402.552
1.34645	375.622
1.76868	403.735
1.30793	373.947
1.80694	404.755
1.2694	370.348
1.84517	405.545
1.23084	366.985
1.88339	406.021
1.92158	406.203
1.19205	363.679
1.19226	363.578
1.95975	406.303
1.97166	406.324
1.98017	406.335
1.98625	406.336
1.99059	406.335
1.99369	406.339
1.99591	406.347
1.99749	406.342
1.99862	406.332
1.99942	406.334
2	406.34
1.53881	391.787
1.57719	395.171
1.50042	388.18
1.61554	397.854
1.462	384.991
1.65387	399.657
1.42356	381.658
1.69218	401.197
1.3851	378.374
1.34662	375.659
1.73047	402.54
1.30812	373.598
1.76874	403.731
1.26959	370.555
1.80698	404.755
1.23105	366.94
1.84521	405.542
1.19248	363.945
1.88341	405.995
1.92159	406.189
1.15366	360.583
1.15389	360.343
1.95975	406.304
1.97166	406.323
1.98017	406.328
1.98625	406.329
1.99059	406.335
1.99369	406.343
1.99591	406.338
1.99749	406.324
1.99862	406.323
1.99942	406.334
2	406.34
1.53894	391.629
1.50055	388.156
1.5773	395.095
1.46214	384.972
1.61564	397.886
1.42372	381.785
1.65396	399.67
1.38527	378.458
1.69226	401.192
1.3468	375.586
1.3083	373.789
1.73054	402.536
1.26979	370.443
1.7688	403.75
1.23126	366.881
1.80703	404.751
1.1927	364.136
1.84524	405.536
1.15412	360.258
1.88343	405.983
1.9216	406.198
1.11528	355.58
1.11552	355.622
1.95975	406.305
1.97167	406.314
1.98017	406.319
1.98625	406.329
1.99059	406.34
1.99369	406.335
1.99591	406.321
1.99749	406.314
1.99862	406.322
1.99942	406.33
2	406.335
1.50068	388.219
1.53906	391.573
1.46229	384.893
1.57741	395.152
1.42387	381.67
1.61574	397.868
1.38543	378.143
1.65405	399.666
1.34697	374.974
1.69234	401.189
1.30849	373.432
1.26999	370.588
1.73061	402.556
1.23146	367.175
1.76885	403.753
1.19292	364.212
1.80707	404.752
1.15435	360.372
1.84528	405.536
1.11576	355.499
1.88345	405.995
1.92161	406.202
1.0769	350.283
1.07715	350.38
1.95976	406.293
1.97167	406.304
1.98018	406.32
1.98625	406.334
1.99059	406.331
1.99369	406.317
1.99591	406.31
1.99749	406.313
1.99862	406.319
1.99942	406.319
2	406.323
1.50081	388.35
1.46243	385.074
1.53918	391.642
1.42402	381.849
1.57752	395.216
1.3856	378.181
1.61584	397.839
1.34715	374.845
1.65414	399.661
1.30867	372.494
1.69242	401.209
1.27018	370.56
1.23167	367.035
1.73067	402.562
1.19313	364.517
1.76891	403.741
1.15458	360.303
1.80712	404.758
1.116	355.312
1.84531	405.539
1.07741	350.372
1.88347	405.998
1.92162	406.182
1.03852	345.727
1.03878	345.697
1.95976	406.281
1.97167	406.306
1.98018	406.327
1.98625	406.326
1.99059	406.313
1.99369	406.307
1.99591	406.309
1.99749	406.311
1.99862	406.309
1.99942	406.308
2	406.313
1.46257	385.17
1.50095	388.273
1.42418	381.985
1.5393	391.729
1.38576	378.362
1.57763	395.23
1.34732	375.037
1.61594	397.789
1.30886	372.701
1.65423	399.665
1.27038	370.208
1.6925	401.227
1.23188	367.244
1.19335	364.364
1.73074	402.552
1.15481	360.213
1.76896	403.743
1.11625	355.206
1.80716	404.764
1.07766	350.324
1.84533	405.538
1.03905	345.779
1.88349	405.977
1.92163	406.165
1.00013	340.771
1.00041	340.767
1.95976	406.285
1.97167	406.316
1.98018	406.319
1.98625	406.307
1.99059	406.302
1.99369	406.305
1.99591	406.308
1.99749	406.301
1.99862	406.296
1.99942	406.3
2	406.305
1.46272	385.009
1.42433	381.644
1.50108	388.29
1.38592	378.473
1.53942	391.807
1.3475	374.769
1.57774	395.255
1.30905	372.935
1.61604	397.753
1.27057	370.29
1.65432	399.717
1.23208	367.6
1.69257	401.216
1.19357	364.088
1.15504	360.281
1.7308	402.55
1.11649	355.287
1.76901	403.76
1.07791	350.66
1.8072	404.766
1.03931	346.028
1.84536	405.534
1.00069	340.825
1.88351	405.964
1.92164	406.181
0.961751	336.165
0.962043	336.165
1.95976	406.299
1.97167	406.308
1.98018	406.298
1.98626	406.296
1.99059	406.301
1.99369	406.304
1.99591	406.298
1.99749	406.288
1.99862	406.288
1.99942	406.297
2	406.302
1.42448	381.452
1.46286	384.824
1.38609	378.501
1.50121	388.293
1.34767	374.807
1.53954	391.879
1.30923	372.492
1.57785	395.151
1.27077	370.526
1.61614	397.784
1.23229	367.775
1.6544	399.716
1.19379	364.13
1.69265	401.196
1.15527	360.072
1.11673	355.294
1.73086	402.558
1.07817	350.947
1.76906	403.769
1.03958	346.267
1.80723	404.764
1.00097	340.904
1.84538	405.529
0.962335	336.175
1.88352	405.983
1.92165	406.208
0.923368	332.442
0.923673	332.403
1.95977	406.291
1.97168	406.284
1.98018	406.286
1.98626	406.295
1.9906	406.3
1.99369	406.294
1.99591	406.285
1.99749	406.28
1.99862	406.285
1.99942	406.296
2	406.301
1.42464	381.318
1.38625	378.441
1.463	384.777
1.34785	375.781
1.50134	388.328
1.30942	372.499
1.53966	391.927
1.27097	370.533
1.57796	395.116
1.2325	368.239
1.61624	397.794
1.19401	364.459
1.65449	399.664
1.1555	359.855
1.69271	401.189
1.11697	355.459
1.07842	350.651
1.73092	402.568
1.03985	346.214
1.7691	403.757
1.00125	340.94
1.80726	404.764
0.962627	336.169
1.8454	405.53
0.923978	332.427
1.88354	406.015
1.92166	406.19
0.884986	329.016
0.885303	329.087
1.95977	406.262
1.97168	406.27
1.98018	406.286
1.98626	406.295
1.9906	406.29
1.99369	406.281
1.99591	406.276
1.99749	406.277
1.99862	406.283
1.99942	406.294
2	406.299
1.38642	378.48
1.42479	381.383
1.34802	376.432
1.46314	384.882
1.3096	373.477
1.50147	388.473
1.27116	370.393
1.53978	391.898
1.2327	368.632
1.57807	395.208
1.19422	364.936
1.61633	397.855
1.15573	359.87
1.65457	399.645
1.11721	355.732
1.69278	401.199
1.07867	350.637
1.04011	346.16
1.73096	402.563
1.00153	340.852
1.76913	403.757
0.962919	336.257
1.80729	404.769
0.924283	332.578
1.84542	405.541
0.885621	329.09
1.88355	405.989
1.92167	406.144
0.846604	325.625
0.846934	325.812
1.95977	406.246
1.97168	406.272
1.98018	406.287
1.98626	406.285
1.9906	406.277
1.9937	406.273
1.99591	406.273
1.99749	406.275
1.99862	406.281
1.99942	406.292
2	406.298
1.38658	378.483
1.34819	376.445
1.42494	381.646
1.30979	374.341
1.46329	384.889
1.27136	370.393
1.50161	388.423
1.23291	368.4
1.5399	391.896
1.19444	365.368
1.57818	395.305
1.15596	359.839
1.61642	397.868
1.11745	355.602
1.65464	399.664
1.07893	350.894
1.69283	401.208
1.04038	346.146
1.00181	340.874
1.73101	402.56
0.963211	336.361
1.76917	403.788
0.924588	332.64
1.80731	404.771
0.885939	329.144
1.84544	405.527
0.847264	325.757
1.88356	405.94
1.92167	406.125
0.808221	322.488
0.808565	322.635
1.95977	406.25
1.97168	406.275
1.98019	406.277
1.98626	406.271
1.9906	406.268
1.9937	406.269
1.99591	406.271
1.99749	406.273
1.99862	406.28
1.99942	406.296
2	406.302
1.34837	376.181
1.38674	378.795
1.30997	374.369
1.4251	381.722
1.27156	370.524
1.46343	384.994
1.23312	367.273
1.50174	388.377
1.19466	365.253
1.54002	391.782
1.15618	359.927
1.57827	395.321
1.11769	355.338
1.6165	397.817
1.07918	350.895
1.6547	399.684
1.04065	346.005
1.69288	401.201
1.00209	341.009
0.963503	336.259
1.73105	402.59
0.924893	332.613
1.7692	403.807
0.886256	329.109
1.80733	404.768
0.847594	325.757
1.84546	405.512
0.808908	322.562
1.88357	405.927
1.92168	406.143
0.769839	320.229
0.770196	320.361
1.95978	406.257
1.97168	406.265
1.98019	406.262
1.98626	406.262
1.9906	406.265
1.9937	406.268
1.99591	406.269
1.99749	406.272
1.99862	406.282
1.99942	406.3
2	406.306
1.34853	376.103
1.31015	374.189
1.38691	378.964
1.27175	370.509
1.42526	381.663
1.23332	366.506
1.46358	385.067
1.19488	364.319
1.50187	388.265
1.15641	359.962
1.54013	391.676
1.11794	355.25
1.57836	395.31
1.07944	350.839
1.61657	397.869
1.04091	345.995
1.65476	399.689
1.00237	340.936
1.69293	401.209
0.963795	336.178
0.925198	332.655
1.73109	402.612
0.886574	329.202
1.76923	403.8
0.847925	325.741
1.80735	404.769
0.809251	322.597
1.84547	405.505
0.770553	320.325
1.88358	405.944
1.92168	406.161
0.731456	318.732
0.731828	318.891
1.95978	406.247
1.97168	406.249
1.98019	406.253
1.98626	406.259
1.9906	406.264
1.9937	406.266
1.99591	406.268
1.99749	406.274
1.99862	406.288
2	406.302
1.99942	406.298
1.31029	373.834
1.34869	376.107
1.2719	370.655
1.38709	378.559
1.2335	366.515
1.42543	381.512
1.19508	363.911
1.46373	385.121
1.15664	360.243
1.502	388.228
1.11818	355.359
1.54023	391.774
1.07969	350.952
1.57845	395.46
1.04118	346.079
1.61664	397.895
1.00265	340.918
1.65481	399.695
0.964087	336.291
1.69298	401.216
0.925503	332.589
0.886891	329.365
1.73112	402.599
0.848255	325.915
1.76925	403.788
0.809595	322.671
1.80737	404.771
0.77091	320.297
1.84548	405.501
0.732199	318.853
1.88359	405.963
1.92169	406.138
0.693074	317.332
0.69346	317.565
1.95978	406.227
1.97169	406.239
1.98019	406.25
1.98626	406.258
1.9906	406.262
1.9937	406.264
1.99591	406.27
1.99749	406.28
1.99862	406.289
1.99942	406.288
2	406.291
1.3104	373.573
1.27196	370.575
1.34888	375.999
1.23357	366.812
1.3873	378.352
1.1952	363.9
1.42562	381.735
1.15682	360.449
1.46389	385.289
1.1184	355.685
1.50213	388.385
1.07994	351.041
1.54034	391.856
1.04144	346.056
1.57853	395.38
1.00292	341.07
1.6167	397.907
0.96438	336.419
1.65487	399.695
0.925808	332.612
1.69302	401.195
0.887209	329.312
0.848585	326.046
1.73116	402.588
0.809938	322.623
1.76928	403.809
0.771267	320.33
1.80739	404.775
0.73257	318.841
1.8455	405.506
0.693846	317.516
1.8836	405.934
1.92169	406.108
0.654692	315.793
0.655093	316.108
1.95979	406.217
1.97169	406.237
1.98019	406.249
1.98626	406.256
1.9906	406.26
1.9937	406.267
1.99591	406.276
1.99749	406.281
1.99862	406.28
1.99942	406.271
2	406.274
1.27195	370.528
1.31057	373.879
1.23346	366.926
1.34915	376.209
1.1951	364.061
1.38756	378.629
1.15681	360.292
1.42584	381.973
1.11851	355.499
1.46407	385.345
1.08014	350.976
1.50226	388.268
1.0417	346.137
1.54044	391.813
1.0032	341.03
1.57861	395.156
0.964673	336.428
1.61677	397.946
0.926113	332.711
1.65492	399.67
0.887525	329.39
1.69306	401.195
0.848913	325.955
0.81028	322.631
1.73119	402.621
0.771624	320.387
1.76931	403.846
0.732942	318.863
1.80742	404.777
0.694232	317.47
1.84551	405.491
0.655495	316.069
1.88361	405.901
1.9217	406.101
0.616309	314.102
0.616728	314.453
1.95979	406.216
1.97169	406.237
1.98019	406.247
1.98626	406.254
1.9906	406.262
1.9937	406.272
1.99591	406.278
1.99749	406.273
1.99862	406.264
1.99942	406.254
2	406.256
1.272	370.932
1.23323	366.997
1.31088	374.25
1.19469	363.994
1.34954	376.138
1.1564	360.275
1.3879	378.85
1.11828	355.412
1.42611	381.801
1.08014	350.811
1.46427	385.363
1.04188	346.48
1.50242	388.213
1.00347	341.138
1.54056	391.755
0.964973	336.486
1.57869	395.23
0.926423	332.697
1.61684	397.959
0.887842	329.443
1.65498	399.654
0.849236	326.088
1.69312	401.217
0.810613	322.717
0.771973	320.415
1.73124	402.668
0.73331	318.872
1.76935	403.863
0.694618	317.503
1.80745	404.777
0.655897	316.024
1.84554	405.472
0.617146	314.428
1.88362	405.896
1.92171	406.106
0.577927	312.455
0.578363	312.767
0.650344	315.635
0.611483	313.914
1.95979	406.217
1.97169	406.235
1.98019	406.245
1.98626	406.256
1.9906	406.268
1.9937	406.275
1.99591	406.27
1.99749	406.257
1.99862	406.247
1.99942	406.236
2	406.24
1.23297	367.22
1.27227	371.012
1.19397	363.875
1.31144	373.977
1.1555	360.245
1.35011	376.045
1.11754	355.438
1.38835	378.687
1.07973	350.826
1.42646	381.827
1.04182	346.818
1.46453	385.288
1.00369	341.537
1.50261	388.189
0.965324	336.613
1.54069	391.826
0.92679	332.784
1.57879	395.394
0.888191	329.453
1.61693	397.901
0.849565	326.154
1.65506	399.641
0.810926	322.693
1.69319	401.236
0.772281	320.434
0.733628	318.866
1.73131	402.691
0.69496	317.53
1.76941	403.873
0.656268	316.051
1.8075	404.771
0.617545	314.44
1.84557	405.459
0.578789	312.745
1.88365	405.899
1.92173	406.107
0.539544	311.105
0.539995	311.359
0.572621	312.276
0.647238	315.684
0.608035	313.956
1.95979	406.214
1.97169	406.232
1.98019	406.246
1.98627	406.261
1.9906	406.271
1.9937	406.267
1.99591	406.253
1.99749	406.241
1.99862	406.227
1.99942	406.222
2	406.243
1.23294	367.082
1.19314	364.124
1.27297	370.851
1.15408	360.311
1.31238	373.608
1.11617	355.479
1.3509	376.128
1.0788	350.77
1.38896	378.598
1.04135	346.909
1.42693	381.97
1.00371	341.754
1.46486	385.043
0.965737	336.625
1.50282	388.101
0.927354	332.797
1.54084	391.984
0.888721	329.535
1.57892	395.52
0.850016	326.099
1.61705	397.824
0.811289	322.694
1.65517	399.639
0.772554	320.458
1.69328	401.255
0.733843	318.892
0.695168	317.53
1.73139	402.716
0.656512	316.076
1.7695	403.874
0.617849	314.502
1.80758	404.756
0.579156	312.75
1.84563	405.448
0.540418	311.341
1.88369	405.895
1.92176	406.098
0.501162	310.03
0.501623	310.323
0.53376	310.963
0.568832	312.303
0.64502	315.685
0.605572	313.955
1.9598	406.21
1.9717	406.233
1.9802	406.252
1.98627	406.265
1.9906	406.263
1.9937	406.25
1.99591	406.237
1.99749	406.22
1.99862	406.182
1.99942	406.226
2	406.273
1.19253	364.015
1.23356	367.354
1.15216	360.241
1.27439	370.661
1.11394	355.785
1.3138	373.647
1.07736	350.073
1.35187	376.164
1.04041	346.843
1.38979	378.802
1.00323	341.609
1.42748	382.068
0.965961	336.494
1.46518	385.001
0.928126	332.77
1.50305	388.363
0.889642	329.486
1.541	392.075
0.850839	326.055
1.5791	395.591
0.81194	322.773
1.61721	397.843
0.772988	320.478
1.65529	399.662
0.734043	318.937
1.69337	401.294
0.695209	317.538
0.656529	316.091
1.73149	402.743
0.617941	314.488
1.76962	403.886
0.579355	312.834
1.8077	404.742
0.54072	311.297
1.84574	405.438
0.502015	310.303
1.88379	405.882
1.92184	406.091
0.46278	308.984
0.463236	309.404
0.494899	309.892
0.529629	310.99
0.566125	312.301
0.643435	315.652
0.603813	313.928
1.9598	406.21
1.9717	406.238
1.9802	406.257
1.98627	406.258
1.9906	406.246
1.9937	406.234
1.99591	406.217
1.99749	406.167
1.99862	406.135
1.99942	405.263
2	404.853
1.19259	364.194
1.1505	359.886
1.23512	367.513
1.11008	355.076
1.27718	370.616
1.07531	349.961
1.31517	373.79
1.03928	345.83
1.35328	376.344
1.00211	341.686
1.39083	379.083
0.965558	336.244
1.42791	382.04
0.928819	332.701
1.46548	385.249
0.890965	329.546
1.50326	388.425
0.85226	326.079
1.54122	392.11
0.813197	322.808
1.57936	395.472
0.773934	320.508
1.61741	397.876
0.734542	318.931
1.65538	399.674
0.695247	317.542
1.69342	401.355
0.656284	316.1
0.617665	314.494
1.73159	402.804
0.579217	312.839
1.76979	403.908
0.540766	311.355
1.8079	404.731
0.502231	310.223
1.84594	405.431
0.463591	309.399
1.88398	405.879
1.92197	406.092
0.424397	307.746
0.424842	308.244
0.456038	308.802
0.490426	309.923
0.526678	310.996
0.564192	312.283
0.642303	315.613
0.602557	313.899
1.9598	406.216
1.9717	406.245
1.9802	406.25
1.98627	406.241
1.9906	406.23
1.9937	406.215
1.99591	406.166
1.99749	406.094
1.99862	405.903
2	337.967
1.99942	354.993
1.15314	359.857
1.19	363.75
1.10196	353.185
1.24184	367.577
1.07181	349.825
1.27877	370.728
1.03882	345.475
1.31693	373.771
1.00072	341.42
1.35557	376.636
0.963956	336.356
1.39123	379.009
0.928876	332.75
1.42817	381.941
0.892425	329.623
1.46572	385.312
0.854269	326.331
1.50347	388.274
0.815244	322.92
1.54158	391.994
0.77576	320.611
1.57972	395.438
0.735851	318.969
1.61754	397.786
0.695766	317.512
1.6553	399.703
0.656036	316.064
1.69335	401.456
0.617015	314.533
0.578579	312.822
1.73169	402.86
0.540352	311.4
1.77009	403.917
0.502074	310.237
1.80827	404.724
0.463679	309.28
1.84631	405.434
0.425141	308.269
1.88432	405.885
1.92219	406.107
0.386015	306.366
0.386445	306.762
0.417177	307.526
0.451223	308.822
0.48723	309.929
0.52457	310.984
0.562811	312.265
0.641495	315.564
0.60166	313.864
1.9598	406.224
1.9717	406.239
1.9802	406.233
1.98627	406.224
1.9906	406.212
1.9937	406.168
1.99591	406.085
1.99749	406.032
1.99862	391.889
1.96018	323.026
1.96073	273.15
1.15059	359.824
1.1186	355.357
1.20968	365.349
1.06328	348.614
1.24531	367.848
1.04006	346.306
1.27696	370.611
1.00095	341.177
1.32324	374.153
0.960315	336.403
1.35557	376.643
0.927398	332.898
1.3912	378.729
0.893611	329.691
1.42832	381.939
0.856727	326.375
1.46587	385.171
0.817982	323.336
1.5038	388.342
0.778525	320.719
1.54216	392.117
0.73836	319.095
1.58007	395.544
0.69743	317.596
1.61732	397.663
0.656365	315.904
1.6548	399.746
0.616166	314.592
1.69312	401.468
0.577293	312.782
0.539259	311.358
1.73196	402.922
0.501335	310.257
1.77068	403.907
0.463269	309.228
1.80892	404.717
0.425077	308.13
1.84696	405.439
0.386698	306.783
1.88487	405.917
1.9225	406.122
0.347632	305.092
0.348069	305.366
0.378316	306.152
0.41202	307.528
0.447783	308.796
0.484948	309.917
0.523064	310.973
0.561824	312.247
0.640918	315.504
0.601019	313.818
1.95981	406.221
1.9717	406.221
1.9802	406.215
1.98627	406.208
1.9906	406.17
1.9937	406.084
1.99591	406.076
1.99749	402.83
1.9594	385.681
1.92148	273.15
1.92095	325.521
1.12574	357.006
1.16113	360.842
1.13318	358.203
1.09012	351.794
1.06818	348.668
1.22102	366.453
1.18511	363.324
1.04097	346.636
1.04176	346.181
1.23692	367.73
1.00897	342.69
1.29774	372.047
0.952711	334.947
1.32149	374.128
0.922714	332.419
1.35469	376.375
0.893725	329.616
1.39099	378.571
0.859513	326.252
1.42836	382.017
0.821282	323.455
1.46601	385.398
0.781906	320.946
1.50445	388.471
0.74202	319.232
1.54307	392.365
0.700774	317.778
1.58001	395.411
0.658223	315.985
1.61615	397.578
0.615794	314.536
1.65375	399.714
0.575414	312.81
1.693	401.545
0.537287	311.145
0.499869	310.172
1.73281	402.972
0.462204	309.145
1.77178	403.871
0.424397	308.074
1.80997	404.726
0.386521	306.689
1.84799	405.501
0.348336	305.394
1.88564	405.938
1.92283	406.106
0.30925	304.054
0.309738	304.34
0.339455	304.916
0.372817	306.14
0.408336	307.458
0.445326	308.761
0.483318	309.905
0.521989	310.965
0.56112	312.229
0.640505	315.422
0.600561	313.736
0.64021	315.323
0.680187	316.944
0.680449	317.009
1.95981	406.201
1.97171	406.202
1.9802	406.2
1.98627	406.174
1.9906	406.089
1.9937	406.051
1.99591	404.845
1.95831	401.459
1.92021	386.637
1.88175	321.086
1.88226	273.15
1.1088	354.951
1.13703	358.132
1.11097	355.135
1.06315	348.437
1.03953	345.586
1.20757	365.662
1.16267	360.811
1.02102	344.309
1.01533	342.934
1.25486	369.095
1.21966	366.652
0.97404	337.405
1.2886	371.544
0.911526	331.051
1.31866	374.044
0.891272	328.967
1.35369	375.985
0.86241	326.585
1.39061	378.811
0.825495	323.38
1.4284	382.223
0.785476	321.34
1.46604	385.267
0.746172	319.364
1.50602	388.204
0.705712	317.864
1.54422	392.415
0.662554	316.329
1.57811	395.01
0.61729	314.654
1.61358	397.505
0.573326	313.081
1.6524	399.658
0.534135	310.835
1.69389	401.69
0.497537	309.938
0.46048	308.927
1.73461	402.923
0.422965	308.032
1.77332	403.921
0.385638	306.741
1.8116	404.787
0.348224	305.386
1.84947	405.504
0.310151	304.364
1.88646	405.899
1.92304	406.074
0.270868	303.101
0.271475	303.496
0.300594	303.875
0.333614	304.905
0.368889	306.059
0.405705	307.39
0.443571	308.736
0.482153	309.899
0.521221	310.966
0.560616	312.17
0.600234	313.615
0.68	316.916
0.64	315.28
1.95981	406.178
1.97171	406.187
1.9802	406.177
1.98627	406.098
1.99061	406.017
1.9937	405.35
1.95679	403.937
1.91917	401.551
1.88105	383.173
1.8426	317.606
1.84308	273.15
1.08616	351.613
1.1131	355.023
1.08668	351.75
1.03579	345.082
1.01104	342.389
1.18915	363.83
1.13979	358.17
0.993412	340.329
0.986711	339.552
1.23637	367.738
1.19842	364.645
0.940991	333.544
0.916961	330.88
1.28181	371.177
0.883807	328.62
0.889468	329.029
1.31701	373.737
0.864572	326.84
1.35197	375.965
0.831649	324.234
1.39082	379.034
0.789736	321.62
1.42826	382.124
0.749422	319.827
1.46529	384.232
0.711452	317.953
1.51154	388.617
0.669228	316.485
1.54165	392.174
0.622893	315.043
1.57386	394.531
0.572619	313.421
1.60916	397.175
0.528904	310.97
1.65239	399.415
0.493974	309.576
1.69725	401.627
0.458269	308.763
0.420882	307.76
1.73683	402.978
0.383749	306.853
1.77547	403.901
0.347397	305.492
1.81415	404.634
0.310385	304.334
1.85115	405.403
0.27215	303.514
1.88695	405.869
1.92316	406.048
0.232485	302.021
0.23328	302.529
0.261732	302.879
0.29441	303.871
0.329441	304.851
0.366083	305.983
0.403825	307.346
0.442318	308.723
0.481322	309.898
0.520672	310.925
0.560257	312.059
0.6	313.56
1.95981	406.162
1.97171	406.176
1.9802	406.113
1.98627	405.982
1.99061	405.527
1.95466	404.733
1.91772	403.683
1.88007	400.352
1.84194	379.617
1.80351	315.139
1.80396	273.15
1.06083	348.248
1.08857	351.859
1.06121	348.348
1.00759	341.939
0.981928	339.223
1.16761	361.392
1.11596	355.408
0.963533	336.559
0.957129	336.163
1.19898	364.742
1.17184	361.909
0.909874	330.526
0.886558	328.557
1.24716	368.565
1.28162	371.052
0.865568	327.116
0.866056	327.675
0.86329	327.002
1.31411	373.499
0.838988	325.13
1.34938	375.96
0.799519	322.09
1.39447	379.252
0.748267	320.136
1.42327	381.471
0.716545	318.436
1.48579	385.501
0.677442	316.656
1.50766	388.761
0.631868	315.258
1.5359	391.411
0.580666	313.779
1.56646	393.999
0.518147	311.3
1.60199	396.16
0.487966	309.452
1.65987	399.38
0.455695	308.703
1.70076	401.627
0.418774	307.564
0.380735	306.699
1.73886	402.923
0.34527	305.642
1.77926	403.557
0.310238	304.382
1.81763	404.438
0.272917	303.408
1.85191	405.409
0.234267	302.649
1.88708	405.858
1.92317	406.033
0.194103	300.808
0.195124	301.358
0.222871	301.778
0.255207	302.886
0.289994	303.843
0.326461	304.795
0.364079	305.931
0.402483	307.322
0.441423	308.713
0.480727	309.837
0.52028	310.818
0.56	312.005
1.95982	406.159
1.97171	406.133
1.98021	405.951
1.98627	405.593
1.95167	405.119
1.91569	404.519
1.87869	403.07
1.841	399.086
1.80288	376.547
1.7645	313.322
1.76492	273.15
1.03404	344.968
1.06377	348.806
1.03513	345.058
0.978484	338.717
0.952179	335.543
1.14365	358.737
1.09178	352.392
0.933215	333.081
0.926982	332.481
1.2175	366.573
1.17257	361.964
1.14657	359.093
0.879197	328.151
0.856479	326.542
1.27979	370.902
1.24995	368.751
0.848451	326.06
0.84226	325.481
0.834815	324.797
1.30727	373.228
0.811056	322.84
1.36816	377.183
0.765786	320.258
1.3881	378.822
0.718854	319.08
1.44633	382.9
1.41162	380.7
0.686449	317.357
1.47653	385.406
0.642751	315.527
1.50024	388.424
0.593134	314.074
1.5272	390.563
0.535008	311.908
1.55486	393.159
0.47653	309.775
1.6242	396.853
0.452161	308.747
1.66639	399.763
0.417786	307.724
1.70234	401.71
0.377409	306.441
0.340585	305.692
1.74185	402.615
0.309356	304.593
1.78736	403.47
0.273763	303.432
1.8184	404.547
0.235561	302.593
1.85193	405.476
0.196417	301.591
1.88699	405.845
1.92308	406.055
0.15572	299.722
0.156959	300.248
0.18401	300.561
0.216004	301.819
0.250547	302.873
0.286839	303.807
0.324332	304.755
0.362647	305.899
0.401524	307.303
0.440783	308.611
0.480303	309.686
0.52	310.763
1.95982	406.147
1.97171	405.957
1.98021	405.613
1.94749	405.364
1.91284	404.978
1.87675	404.135
1.8397	402.409
1.802	397.824
1.76391	373.709
1.72558	311.943
1.72597	273.15
1.00617	341.632
1.03937	345.878
1.00907	342.158
0.948256	334.983
0.921776	331.858
1.11937	355.866
1.068	349.333
0.902687	330.018
0.896419	329.434
1.22802	367.468
1.1956	364.497
1.14937	359.356
1.12279	356.271
0.848246	326.03
0.825751	324.205
1.2725	370.405
1.24222	368.224
0.82465	323.946
0.814854	323.127
0.804694	322.459
1.32782	374.517
1.29348	372.152
0.781053	320.768
1.35707	376.345
0.733833	318.967
0.71637	319.096
1.37737	378.004
0.69707	318.46
1.43317	382.647
1.39915	379.842
0.654945	316.271
1.46635	385.407
0.607189	314.314
1.49037	387.486
0.553863	312.364
1.51529	389.809
0.488379	310.091
0.47623	310.105
1.53649	391.162
1.57089	394.132
0.455835	309.781
0.447006	309.139
1.59737	395.803
1.63603	398.126
0.417468	307.957
1.66805	400.28
0.378597	306.583
1.70119	401.64
0.329131	305.436
0.307258	304.97
1.76385	402.896
0.274677	303.783
1.78697	403.707
0.237264	302.599
1.81789	404.825
0.198139	301.678
1.85151	405.478
0.158504	300.428
1.8867	405.876
1.92288	406.089
0.117338	299.117
0.118712	299.576
0.145149	299.453
0.176801	300.558
0.211099	301.791
0.247217	302.845
0.284586	303.781
0.322812	304.727
0.361625	305.874
0.400839	307.176
0.440326	308.395
0.48	309.611
1.95982	406.022
1.97171	405.65
1.94164	405.548
1.90886	405.295
1.87405	404.699
1.83787	403.728
1.80077	401.658
1.76308	396.438
1.72502	371.118
1.68676	310.824
1.68713	273.15
0.976862	338.244
1.01629	342.817
0.984453	339.696
0.916337	331.282
0.890779	329.066
1.09566	352.88
1.04514	346.356
0.871893	327.72
0.865634	327.074
1.21664	366.596
1.17518	362.308
1.12712	356.732
1.09994	353.36
0.816925	323.621
0.794243	321.975
1.26008	369.194
1.22912	367.181
0.796969	321.827
0.785227	321.175
0.773368	320.73
1.31184	373.613
1.278	370.98
0.750366	319.473
1.34441	375.495
0.702513	317.753
0.685608	317.634
1.36503	377.044
0.668753	317.251
1.42078	381.509
1.3865	378.766
0.621931	314.772
1.45517	384.433
0.571383	312.776
1.47842	386.545
0.516492	310.671
1.50071	388.158
0.446282	308.73
0.439466	308.875
1.55374	393
1.52104	389.794
0.44038	309.457
0.428196	309.021
0.41746	308.414
1.61421	397.339
1.58303	395.346
1.63682	398.969
0.381128	306.814
1.66596	400.405
0.337022	305.349
1.72803	402.355
1.69445	401.399
0.303662	305.183
0.275897	304.386
1.75781	403.087
0.239406	302.928
1.7851	404.177
0.20033	301.674
1.81685	404.935
0.160458	300.524
1.85081	405.489
0.120383	299.61
1.88618	405.947
1.92254	406.009
0.0789556	298.84
0.0802514	299.219
0.106288	298.939
0.137598	299.377
0.171652	300.453
0.207596	301.744
0.24484	302.822
0.282976	303.762
0.321726	304.702
0.360894	305.75
0.400349	306.92
0.44	308.289
1.95982	405.759
1.93344	405.689
1.90328	405.529
1.87026	405.062
1.83531	404.408
1.79904	403.208
1.76192	400.678
1.72425	394.926
1.68624	368.709
1.64806	309.917
1.6484	273.15
0.94366	335.21
0.995133	339.994
0.965847	337.341
0.883194	328.364
0.859756	326.553
1.07276	349.966
1.02322	343.704
0.840895	325.322
0.83501	324.661
1.20103	365.185
1.15453	360.008
1.10503	353.982
1.07761	350.475
0.785327	321.543
0.761871	320.212
1.24448	368.027
1.21259	365.823
0.767241	320.327
0.754182	319.748
0.740972	319.318
1.29674	372.457
1.26174	369.632
0.719251	318.35
1.33102	374.701
0.670751	316.549
0.653994	316.044
1.35212	376.103
0.637448	315.511
1.40811	380.224
1.37358	377.767
0.588124	313.233
1.4429	383.05
0.536554	311.268
1.46511	385.312
0.484973	309.716
0.464592	309.253
1.48675	386.677
0.443763	308.61
0.415034	307.603
0.406693	307.501
1.54125	391.94
1.5083	389.027
0.418965	308.833
0.397453	307.652
0.384607	307.156
1.60915	397.449
1.5726	394.42
1.63345	398.956
0.343002	305.494
1.66087	400.178
0.297688	304.318
0.289345	304.627
1.72115	402.364
1.68826	401.246
0.278735	304.715
0.242272	303.462
1.75313	403.394
0.203204	301.782
1.78287	404.319
0.163031	300.627
1.81544	404.916
0.122587	299.615
1.84979	405.585
0.0820153	299.18
1.88542	405.896
1.92197	405.802
0.0413767	298.878
0.0405732	298.477
0.0674269	298.606
0.0983951	298.858
0.132205	299.263
0.167974	300.348
0.205093	301.717
0.243141	302.808
0.281827	303.74
0.32095	304.582
0.360373	305.501
0.4	306.798
1.89547	405.685
1.86496	405.329
1.83172	404.822
1.79662	403.969
1.76029	402.438
1.72316	399.451
1.68552	393.297
1.64758	366.525
1.6095	309.171
1.60982	273.15
0.935955	334.747
0.902673	330.474
0.973969	337.43
0.946222	334.693
0.853822	326.039
0.830092	324.056
1.05051	347.2
1.00134	341.098
0.80998	323.075
0.805143	322.306
1.18271	363.238
1.13316	357.42
1.08277	351.136
1.05533	347.644
0.75359	319.9
0.727798	318.674
1.22676	366.955
1.19352	364.289
0.736282	319.009
0.722061	318.47
0.707212	317.855
1.28192	371.422
1.24511	368.197
0.687478	317.191
1.31741	373.985
0.638246	315.306
0.621477	314.638
1.33897	375.097
0.604721	313.94
1.39506	379.289
1.36038	376.762
0.55435	311.95
1.42993	382.031
0.503536	310.301
1.45189	384.04
0.454089	308.773
0.437353	308.34
1.47419	385.883
0.422316	307.91
0.383395	306.575
0.373678	306.254
1.53102	391.105
1.49739	387.928
0.389548	307.538
0.364301	306.145
0.349017	305.754
1.60276	396.917
1.56375	393.889
1.62807	398.489
0.30498	304.352
1.6551	399.97
0.260618	303.263
0.253426	303.496
1.7163	402.274
1.68291	401.139
0.246553	303.711
0.20689	302.069
1.74949	403.395
0.166345	300.666
1.78064	404.2
0.125446	299.829
1.81383	404.97
0.0844394	299.123
1.84856	405.596
0.0432432	298.906
1.88454	405.74
0.0285658	298.292
0.029259	298.667
0.0591921	298.473
0.0927574	298.795
0.128352	299.172
0.165347	300.29
0.203306	301.717
0.241928	302.786
0.281006	303.606
0.320396	304.335
0.36	305.382
1.85754	405.522
1.8267	405.099
1.79324	404.359
1.75802	403.26
1.72164	401.378
1.6845	397.978
1.64691	391.553
1.60906	364.587
1.57109	308.333
1.57138	273.15
0.910576	331.197
0.918935	332.151
0.875385	327.546
0.95196	335.083
0.924794	332.638
0.826068	323.859
0.80158	322.139
1.02833	344.51
0.978999	338.208
0.779554	321.165
0.776331	320.701
1.16246	360.893
1.11104	354.763
1.06014	348.251
1.03277	344.944
0.722539	318.681
0.688179	317.86
1.20689	365.218
1.17215	361.979
0.704426	317.762
0.688967	317.128
0.671586	316.987
1.26784	370.298
1.22943	367.298
0.65499	315.929
1.30391	372.879
0.605211	314.026
0.588375	313.332
1.32566	374.408
0.571458	312.64
1.38188	378.223
1.34694	375.601
0.521043	310.982
1.41687	381.136
0.47098	309.321
1.43938	383.065
0.422092	307.725
0.407104	307.327
1.4629	384.941
0.393745	306.979
0.349971	305.61
0.33935	305.249
1.5219	390.235
1.48755	386.909
0.355947	305.996
0.329414	304.985
0.312327	304.579
1.59588	396.279
1.55561	393.324
1.62197	398.084
0.2679	303.35
1.64935	399.766
0.22421	302.137
0.217553	302.112
1.71207	402.086
1.67788	400.921
0.211598	302.207
0.170468	300.77
1.74626	403.201
0.12905	299.953
1.77826	404.098
0.0875078	299.35
1.81195	404.998
0.0458371	298.897
1.84716	405.562
0.0309262	298.868
0.019989	298.142
0.0206036	298.536
0.05331	298.344
0.0887304	298.751
0.1256	299.118
0.16347	300.278
0.202029	301.684
0.241061	302.611
0.280419	303.308
0.32	304.214
1.81967	405.256
1.7885	404.521
1.75483	403.571
1.71951	402.237
1.68309	400.008
1.64597	396.24
1.60844	389.68
1.57069	362.447
1.53284	307.335
1.5331	273.15
0.894312	329.337
0.898092	330.276
0.84967	325.496
0.928965	332.954
0.901735	330.674
0.79882	322.112
0.773854	320.715
1.00584	341.722
0.956091	335.507
0.750292	319.615
0.748702	319.657
1.1406	358.274
1.08821	351.933
1.03726	345.535
1.00998	342.154
0.697829	317.789
0.672323	317.355
1.18276	363.153
1.14786	359.086
0.671784	316.501
0.655115	316.056
0.647221	316.711
0.636009	315.862
1.25531	369.071
1.21969	366.428
0.621955	314.671
1.29066	371.958
0.57193	312.753
0.555056	312.102
1.31197	373.71
0.538123	311.514
1.36871	377.095
1.33317	374.721
0.48784	309.895
1.40415	380.066
0.437906	308.194
1.42767	382.049
0.388608	306.761
0.37437	306.341
1.45248	383.956
0.361418	305.984
0.315053	304.672
0.303927	304.341
1.51324	389.251
1.47828	386.069
0.32037	304.774
0.29358	304.049
0.275645	303.551
1.58888	395.753
1.5477	392.538
1.61566	397.787
0.231381	302.329
1.64357	399.41
0.187774	301.114
0.181252	300.937
1.70783	401.812
1.6727	400.603
0.175435	300.866
0.133434	300.044
1.74297	402.972
0.0913337	299.519
1.77557	404.002
0.0490759	299.037
1.80983	405.155
0.03332	298.852
0.0221283	298.793
0.0138627	298.012
0.0144211	298.455
0.0491086	298.214
0.085854	298.722
0.123635	299.095
0.16213	300.245
0.201117	301.394
0.240442	302.196
0.28	303.157
1.78186	404.55
1.75038	403.566
1.71652	402.466
1.6811	400.868
1.64466	398.283
1.60758	394.262
1.57012	387.601
1.53248	360.094
1.49478	306.23
1.49501	273.15
0.872857	327.679
0.874823	328.076
0.823675	323.583
0.905182	331.005
0.87747	328.444
0.771551	320.65
0.746393	319.453
0.983024	338.682
0.932749	333.315
0.723381	318.618
0.721541	318.47
1.11725	355.495
1.065	348.928
1.01452	342.712
0.987198	339.163
0.649903	316.778
0.673322	316.766
0.65085	316.231
1.14501	359.061
1.12054	355.998
1.18519	363.466
0.638597	315.316
0.62132	314.901
0.61819	314.95
0.604142	314.109
1.24233	367.861
1.20822	365.075
0.58873	313.419
1.27705	371.175
0.538672	311.528
0.521703	310.942
1.29772	372.713
0.504748	310.394
1.35551	376.219
1.319	374.27
0.454303	308.702
1.39183	378.942
0.403897	307.147
1.41659	380.978
0.353778	305.855
0.339847	305.435
1.44263	383.181
0.326961	305.039
0.279211	303.7
0.267889	303.381
1.5047	388.495
1.46927	385.335
0.284147	303.784
0.257406	303.088
0.239189	302.541
1.58179	395.31
1.53973	391.804
1.60911	397.295
0.19495	301.34
1.63752	399.036
0.151071	300.476
0.144485	300.283
1.70325	401.539
1.66719	400.296
0.138587	300.158
0.0959049	299.632
1.73936	402.754
0.0530808	299.189
1.77257	404.288
0.0363787	298.921
0.0243792	298.79
0.015844	298.712
0.00948684	297.853
0.0100051	298.364
0.0461076	298.066
0.0837994	298.705
0.122231	299.083
0.161172	299.979
0.200465	300.848
0.24	301.982
1.74413	403.46
1.71235	402.362
1.67832	401.027
1.64282	399.092
1.60636	396.243
1.56933	392.123
1.53197	385.329
1.49445	357.676
1.45691	304.975
1.45711	273.15
0.848762	325.487
0.849997	325.783
0.797071	321.975
0.88093	328.888
0.852445	326.182
0.743948	319.344
0.718708	318.25
0.960037	335.893
0.909203	331.347
0.697103	317.523
0.694095	317.259
1.09302	352.472
1.04217	346.095
0.992187	339.73
0.964654	336.451
0.631248	315.591
0.647367	315.734
0.625942	315.036
1.1587	360.37
1.12357	356.297
1.09749	353.105
1.17585	362.099
0.605296	314.103
0.588705	313.402
0.589767	313.259
0.573433	312.568
1.22807	366.617
1.19438	364
0.555611	312.141
1.26262	369.815
0.505526	310.391
0.488307	309.835
1.28276	371.844
0.471171	309.267
1.34231	375.453
1.30442	373.465
0.420158	307.56
1.37984	378.013
0.368866	306.14
1.40606	380.278
0.317866	304.829
0.30413	304.428
1.43321	382.474
0.291287	304.052
0.24288	302.676
0.231554	302.369
1.49613	387.954
1.46039	384.69
0.247842	302.803
0.22107	302.09
0.202813	301.555
1.57451	394.726
1.53161	391.143
1.60227	396.89
0.158327	300.688
1.63115	398.743
0.113935	300.063
0.107224	299.898
1.69832	401.849
1.66135	400.592
0.101207	299.757
0.0578148	299.304
1.7354	403.101
0.0402225	299.058
0.0273093	298.806
0.0179929	298.705
0.0113553	298.618
0.0063612	297.62
0.00685079	298.231
0.043964	297.871
0.0823318	298.701
0.121228	299.01
0.160488	299.56
0.2	300.592
1.7065	402.214
1.67443	400.923
1.64024	399.152
1.60467	396.951
1.56822	394.024
1.53125	389.821
1.49399	382.865
1.45662	355.035
1.41925	303.753
1.41943	273.15
0.823149	323.557
0.824165	323.739
0.76985	320.563
0.856532	326.488
0.827014	324.154
0.71582	318.081
0.690498	317.095
0.937081	333.617
0.885688	329.196
0.670225	316.417
0.665977	316.212
1.07001	349.507
1.01995	343.192
0.970345	337.042
0.942423	334.015
0.606559	314.164
0.619855	314.714
0.598659	313.873
1.14743	358.907
1.1042	353.747
1.0762	350.293
1.16217	360.878
0.572387	312.75
0.556826	312.038
0.560552	312.178
0.54282	311.54
1.21238	365.179
1.17853	362.639
0.522739	310.951
1.24717	368.176
0.472462	309.339
0.454795	308.778
1.26701	370.408
0.437251	308.158
1.32937	374.704
1.28938	372.261
0.385277	306.457
1.36836	377.356
0.332807	305.115
1.39623	379.527
0.281108	303.758
0.267667	303.367
1.42422	381.662
0.254942	303.009
0.206236	301.93
0.194987	301.646
1.48747	387.154
1.45157	383.94
0.211486	301.812
0.184559	301.39
0.166286	300.891
1.56697	394.114
1.52333	390.209
1.59515	396.574
0.12133	300.249
1.62451	398.97
0.07624	299.73
0.0693941	299.584
1.66898	400.893
0.063252	299.434
0.044812	299.187
0.031038	298.916
0.0208312	298.689
0.0134313	298.606
0.00814909	298.505
0.00412859	297.209
0.00459771	297.998
0.0424329	297.598
0.0812836	298.718
0.120512	298.893
0.16	299.384
1.63663	399.05
1.6023	396.841
1.56667	394.645
1.53025	391.606
1.49335	387.321
1.45621	380.096
1.41899	352.601
1.38196	273.15
1.38181	302.455
0.796565	321.926
0.797649	322.188
0.742	319.232
0.832297	324.563
0.801438	322.456
0.687069	316.918
0.661685	316.051
0.914285	331.619
0.862408	327.073
0.642363	315.453
0.637173	315.234
1.04802	346.793
0.998363	340.403
0.948868	334.659
0.920463	332.163
0.578917	312.982
0.591194	313.633
0.569939	312.761
1.13217	357.271
1.08483	351.396
1.05557	347.706
1.1459	359.131
0.539885	311.489
0.525262	310.977
0.530654	311.235
0.512084	310.608
1.19536	363.725
1.16114	360.819
0.490097	309.89
1.23063	366.498
0.439448	308.364
0.421169	307.798
1.25028	368.699
0.402952	307.114
1.31732	373.83
1.27364	370.872
0.3495	305.48
1.35787	376.439
0.295598	304.133
1.38733	378.64
0.24378	303.059
0.230754	302.63
1.41554	380.823
0.218203	302.248
0.169291	301.392
0.158156	301.136
1.47866	386.637
1.44264	383.479
0.175003	301.132
0.147795	300.893
0.129417	300.447
1.55921	393.453
1.51487	389.985
1.58781	396.683
0.0837879	299.9
1.63158	399.193
0.0561522	299.467
0.0629037	299.615
0.0501213	299.316
0.0355243	299.052
0.0244777	298.771
0.0162039	298.569
0.010173	298.484
0.00585892	298.357
0.00253388	296.232
0.00298837	297.353
0.0413392	297.297
0.0805348	298.715
0.12	298.844
1.59897	396.569
1.5645	394.36
1.52884	392.062
1.49245	388.961
1.45564	384.533
1.41864	377.239
1.38159	350.041
1.34461	301.246
1.34474	273.15
0.769231	320.581
0.770408	320.561
0.713413	317.91
0.808621	322.938
0.77607	321.086
0.657681	315.988
0.632339	315.139
0.891743	329.823
0.83959	324.919
0.613629	314.457
0.607845	314.306
1.02674	344.032
0.977261	337.841
0.927587	332.749
0.898723	330.495
0.549821	311.949
0.561859	312.568
0.540468	311.719
1.11472	355.271
1.06521	348.919
1.03522	345.106
1.12802	356.956
0.507692	310.424
0.493822	310.025
0.500352	310.323
0.481209	309.712
1.17721	362.383
1.14265	358.708
0.457619	308.92
1.21298	365.248
0.40656	307.444
0.387579	306.904
1.23205	367.04
0.36836	306.229
1.30802	373.175
1.25617	369.525
0.312217	304.613
1.34915	375.652
0.257201	303.514
1.37927	377.923
0.20638	302.535
0.193561	302.08
1.40682	380.314
0.181133	301.687
0.131954	300.965
0.120942	300.722
1.44692	383.642
1.4835	386.805
0.138226	300.659
0.110615	300.493
0.0920351	300.091
1.55126	393.504
1.52027	390.163
1.59432	396.777
0.0703738	299.776
0.0466937	299.342
0.0533777	299.488
0.0407422	299.189
0.0288902	298.909
0.0197917	298.625
0.0128988	298.432
0.0078456	298.305
0.00422309	298.069
0.0013948	293.449
0.00183883	294.704
0.040558	296.391
0.08	298.705
1.56146	393.688
1.52687	391.463
1.49119	389.214
1.45485	386.037
1.41814	381.547
1.38129	374.245
1.34443	347.677
1.30766	300.159
1.30776	273.15
0.741044	319.101
0.741793	319.13
0.68393	316.839
0.786176	321.532
0.752231	320.183
0.627739	315.309
0.602597	314.36
0.869495	327.696
0.817466	323.208
0.584317	313.457
0.578185	313.458
1.00596	341.364
0.956405	335.457
0.906352	331.192
0.877098	328.635
0.52003	310.979
0.532173	311.654
0.510615	310.844
1.09607	352.844
1.04545	346.422
1.01507	342.587
1.10917	354.588
0.475706	309.461
0.462421	309.131
0.469778	309.476
0.450186	308.858
1.15803	360.582
1.12338	356.403
0.425265	308.018
1.19399	363.897
0.373994	306.504
0.354381	305.981
1.21101	365.578
0.333789	305.395
1.30522	373.161
1.26755	370.647
0.271058	304.046
1.34255	375.295
0.21909	303.038
1.37123	377.475
0.169065	302.111
0.15602	301.641
1.41055	380.434
0.143648	301.244
0.107384	300.581
0.118402	300.824
1.44998	383.899
1.48696	387.15
0.100979	300.28
0.0970685	300.355
0.07856	299.962
1.55721	393.623
1.52412	390.426
0.0607924	299.645
0.0399376	299.209
0.0465735	299.352
0.0340429	299.057
0.0241516	298.76
0.0164446	298.466
0.0105379	298.234
0.0061832	297.849
0.00305464	296.471
0.000581165	286.585
0.00101774	284.467
0.04	295.831
1.48942	388.359
1.45373	386.092
1.41745	382.887
1.38087	378.481
1.34418	371.336
1.30752	345.515
1.27098	298.944
1.27106	273.15
0.711553	317.793
0.709291	318.517
0.653485	316.185
0.765637	320.64
0.734421	319.612
0.597503	314.718
0.572628	313.652
0.847579	325.787
0.796038	322.199
0.554681	312.549
0.548339	312.69
0.985469	338.891
0.935588	333.655
0.885012	329.465
0.85548	326.877
0.489873	310.132
0.502276	310.914
0.480501	310.129
1.07678	350.397
1.02563	343.919
0.994983	340.14
1.08977	352.171
0.443827	308.562
0.430968	308.269
0.438936	308.747
0.418949	308.115
1.13787	358.329
1.1035	354.09
0.393084	307.121
1.17335	362.107
0.341963	305.729
0.322217	305.192
1.219	366.84
1.18572	363.788
0.300525	304.673
1.23851	368.512
1.30073	373.331
1.26587	370.816
0.229813	303.563
1.33586	375.109
0.182779	302.645
1.3744	377.515
0.142528	301.479
0.155628	301.955
1.41322	380.476
0.130118	301.097
0.0976997	300.434
0.108722	300.673
1.45217	385.064
0.0874593	300.15
0.0873921	300.211
0.068935	299.826
0.0539485	299.509
0.0351119	299.075
0.0417133	299.211
0.0292576	298.925
0.0207668	298.596
0.0140538	298.248
0.00885161	297.686
0.00499577	295.125
0.00222003	286.443
0	283.024
0.000431245	273.15
1.41648	382.732
1.38028	379.772
1.34383	375.495
1.30732	368.703
1.27088	343.162
1.23458	297.734
1.23463	273.15
0.680042	317.099
0.702842	318.833
0.622545	315.769
0.745205	319.703
0.715806	318.82
0.567322	313.684
0.542576	312.634
0.825893	324.401
0.774648	321.153
0.524868	311.772
0.518391	311.707
0.965048	336.623
0.914648	332.062
0.863438	327.553
0.833678	325.068
0.459426	309.416
0.472161	310.036
0.45009	309.285
1.0572	347.963
1.00575	341.551
0.974836	337.886
1.07003	349.8
0.411993	307.685
0.399392	307.513
0.407758	307.939
0.387416	307.317
1.11695	356.051
1.08321	351.91
0.361109	306.345
1.1512	360.051
0.31045	305.01
0.291663	304.469
1.19695	364.976
1.16292	361.639
0.272355	304.074
0.25144	303.857
1.23127	367.803
1.2674	370.854
1.30281	373.463
0.229396	303.628
0.197155	303.151
1.33849	375.241
0.169413	302.454
1.37667	377.755
0.132891	301.312
0.14603	301.779
1.41512	381.54
0.120454	300.937
0.0907824	300.28
0.101807	300.513
0.0778027	300.011
0.0804804	300.063
0.06206	299.684
0.0490599	299.373
0.0316649	298.931
0.0382417	299.058
0.0258396	298.782
0.0183492	298.377
0.0123461	297.663
0.0076471	294.162
0.0041476	284.718
0.00162388	273.15
1.37945	379.676
1.34334	376.761
1.30705	372.836
1.27073	366.2
1.23452	340.88
1.19848	296.563
1.1985	273.15
0.667796	317.672
0.646867	316.707
0.676485	318.221
0.686967	318.359
0.592326	314.895
0.72413	318.697
0.695928	318.023
0.537064	312.563
0.512402	311.616
0.804111	322.977
0.752798	320.001
0.494911	310.84
0.488282	310.783
0.944534	334.729
0.89346	330.274
0.841493	325.871
0.81149	323.494
0.42864	308.589
0.441708	309.247
0.41927	308.542
1.03745	345.574
0.985764	339.44
0.954538	335.914
1.05007	347.602
0.380164	306.923
0.367585	306.717
0.376134	307.253
0.355451	306.651
1.0958	353.821
1.06273	349.785
0.329216	305.567
1.1292	357.76
0.278796	304.397
0.261186	303.909
1.16285	361.487
1.19741	364.546
0.244211	303.576
0.227877	303.438
1.23226	367.397
1.2685	370.852
1.3043	373.483
0.21219	303.333
0.183876	302.909
1.34036	375.472
0.159866	302.231
1.37829	378.736
0.126008	301.136
0.139175	301.591
0.11355	300.77
0.0858414	300.129
0.0968682	300.354
0.070905	299.863
0.0755435	299.916
0.0571492	299.544
0.0455682	299.228
0.0292028	298.744
0.035762	298.859
0.0233982	298.596
0.0166222	297.823
0.0111263	293.864
0.00678673	282.765
0.00354177	273.15
1.34266	376.712
1.30666	374.137
1.27053	370.464
1.23442	363.704
1.19845	338.475
1.16268	295.402
1.16268	273.15
0.640375	316.935
0.617048	315.949
0.660773	317.718
0.668202	317.711
0.562261	313.754
0.688704	317.703
0.717322	318.309
0.502582	311.321
0.52758	312.256
0.781922	321.621
0.746416	319.531
0.464715	309.99
0.478141	310.513
0.923803	332.932
0.871919	328.684
0.80599	323.011
0.836447	325.415
0.39741	307.877
0.408242	308.334
0.430962	309.024
1.01759	343.39
0.965625	337.709
0.933996	334.358
1.03	345.554
0.348213	306.138
0.335369	306.058
0.34366	306.442
0.364583	307.048
1.0611	349.409
1.09468	353.46
0.297034	304.917
1.12861	357.538
0.248415	303.697
0.266191	304.171
1.1628	360.968
1.19774	364.155
0.23129	303.406
0.214821	303.237
1.23297	367.243
1.26928	371.282
1.30536	373.741
0.199014	303.116
0.174392	302.663
1.3417	376.053
0.153046	302.014
0.121091	300.964
0.134278	301.411
0.10862	300.608
0.0823122	299.97
0.0933404	300.188
0.0659782	299.715
0.0720171	299.762
0.0536416	299.395
0.043074	299.044
0.0274441	298.315
0.0339908	298.411
0.0216543	298.17
0.0153887	294.152
0.010255	282.148
0.00617219	273.15
1.30612	374.195
1.27024	371.807
1.23429	367.99
1.1984	360.934
1.16269	336.064
1.12721	294.169
1.12718	273.15
0.614219	315.848
0.587982	314.823
0.640962	316.994
0.660573	317.365
0.553123	313.409
0.683544	317.399
0.712459	317.97
0.495569	311.008
0.520805	311.928
0.775976	321.128
0.741857	319.1
0.454265	309.745
0.470897	310.229
0.902757	331.45
0.867337	328.276
0.802061	322.488
0.832843	324.815
0.386113	307.674
0.400365	308.104
0.423286	308.781
0.997632	341.468
0.930367	334.081
0.962484	337.385
1.02786	345.109
0.315894	305.48
0.323352	305.845
0.335237	306.218
0.356332	306.823
1.05993	348.591
1.09388	352.665
0.28461	304.692
1.12818	356.854
0.239293	303.48
0.257187	303.938
1.16276	360.696
1.19797	364.404
0.22206	303.208
0.205495	303.052
1.23348	367.866
1.26984	371.867
0.189603	302.913
0.167617	302.446
0.148175	301.812
0.117579	300.788
0.13078	301.228
0.105097	300.442
0.0797913	299.77
0.0908205	299.982
0.062459	299.558
0.0694982	299.57
0.0511361	299.205
0.0412925	298.642
0.0261879	295.528
0.0327257	295.455
0.0204086	295.359
0.0145077	282.225
0.00963269	273.15
1.2341	369.144
1.19834	365.095
1.1627	357.928
1.12725	333.486
1.09208	292.912
1.09202	273.15
0.579204	314.443
0.605813	315.466
0.632939	316.61
0.655123	316.996
0.546597	313.032
0.679858	317.157
0.708985	317.735
0.490559	310.715
0.515966	311.618
0.771728	320.643
0.738601	318.821
0.4468	309.486
0.465723	309.957
0.898648	331.133
0.864064	327.623
0.799254	322.082
0.830269	324.272
0.378044	307.45
0.394738	307.861
0.417803	308.531
0.994986	341.035
0.927775	333.503
0.96024	336.704
1.02633	344.224
0.303666	305.259
0.314768	305.618
0.329221	305.989
0.350438	306.59
1.0591	347.527
1.09331	351.731
0.275735	304.461
1.12787	356.234
0.232777	303.27
0.250756	303.715
1.16274	361.583
1.19814	365.396
0.215467	303.013
0.198833	302.89
1.23384	368.863
0.182881	302.748
0.162778	302.246
0.144696	301.61
0.11507	300.575
0.128282	301.009
0.102582	300.241
0.0779907	299.333
0.0890206	299.54
0.0599453	299.359
0.067699	299.156
0.0493465	298.783
0.04002	296.097
0.0252906	283.516
0.031822	283.586
0.0195189	283.114
0.0138783	273.15
1.19826	365.975
1.16271	361.86
1.12731	354.56
1.09215	330.805
1.05729	291.838
1.05721	273.15
0.572935	314.027
0.599808	315.047
0.627208	316.19
0.651231	316.686
0.541935	312.691
0.677225	316.945
0.706504	317.562
0.48698	310.466
0.51251	311.357
0.768695	320.313
0.736275	318.649
0.441468	309.228
0.462027	309.72
0.895712	330.537
0.861727	326.941
0.79725	321.828
0.82843	323.916
0.37228	307.213
0.390719	307.635
0.413887	308.302
0.993096	340.197
0.925923	332.717
0.958637	335.778
1.02524	343.142
0.294932	305.028
0.308637	305.392
0.324924	305.779
0.346228	306.374
1.0585	347.067
1.09291	351.953
0.269397	304.236
1.12766	357.038
0.228123	303.076
0.246162	303.514
1.16272	362.454
0.210758	302.827
0.194075	302.74
0.178079	302.599
0.159321	302.036
0.142211	301.37
0.113279	300.13
0.126497	300.57
0.100785	299.826
0.0767045	296.585
0.087735	296.741
0.0581498	298.926
0.0664139	296.578
0.0480682	296.104
0.039111	284.163
0.0246497	273.15
0.0311765	273.15
0.0188834	273.15
1.12739	358.147
1.09226	350.687
1.0574	328.281
1.02287	290.961
1.02276	273.15
0.568456	313.665
0.595519	314.678
0.623114	315.826
0.648451	316.421
0.538605	312.414
0.675345	316.72
0.704732	317.397
0.484424	310.238
0.510041	311.12
0.766528	320.118
0.734614	318.512
0.43766	308.997
0.459387	309.499
0.893615	329.807
0.860057	326.465
0.795818	321.653
0.827117	323.691
0.368163	306.992
0.387848	307.416
0.41109	308.083
0.991746	339.157
0.9246	332.065
0.957493	335.036
1.02446	342.501
0.288693	304.802
0.304257	305.184
0.321854	305.573
0.343222	306.165
1.05808	347.88
1.09261	353.217
0.264869	304.029
1.1275	358.284
0.224798	302.883
0.24288	303.316
0.207395	302.631
0.190676	302.579
0.17465	302.439
0.156852	301.762
0.140436	300.877
0.111999	297.354
0.125223	297.826
0.0995012	297.291
0.0757858	284.736
0.0868167	284.81
0.0568673	296.135
0.065496	284.684
0.0471551	284.279
0.0384618	273.15
1.09241	353.656
1.05756	346.484
1.02301	325.791
0.98882	290.136
0.988692	273.15
0.565257	313.372
0.592456	314.372
0.62019	315.526
0.646465	316.151
0.536227	312.169
0.674002	316.381
0.703466	317.156
0.482598	309.972
0.508277	310.845
0.76498	319.978
0.733427	318.318
0.434939	308.779
0.457502	309.24
0.892118	329.244
0.858864	326.177
0.794795	321.428
0.826179	323.428
0.365222	306.778
0.385797	307.16
0.409092	307.826
0.990782	338.449
0.923655	331.697
0.956675	334.742
1.0239	342.887
0.284236	304.596
0.301129	304.981
0.319662	305.332
0.341074	305.919
1.05777	348.655
0.261634	303.828
0.222424	302.647
0.240537	303.081
0.204992	302.37
0.188249	302.353
0.1722	302.213
0.155088	301.072
0.139168	297.917
0.111084	285.292
0.124312	285.659
0.0985844	285.278
0.0751296	273.15
0.0861607	273.15
0.0559512	284.285
0.0648403	273.15
0.0465029	273.15
1.02321	342.11
0.988999	323.087
0.955163	289.383
0.955011	273.15
0.562973	313.108
0.590268	314.09
0.618102	315.247
0.645046	315.767
0.534528	311.886
0.673042	315.318
0.702562	316.272
0.481294	309.367
0.507018	310.192
0.763874	319.792
0.732579	317.474
0.432996	308.522
0.456155	308.659
0.891048	328.903
0.858012	325.874
0.794065	320.374
0.825508	322.186
0.363122	306.526
0.384333	306.611
0.407665	307.27
0.990093	338.444
0.922981	331.406
0.956091	334.705
1.0235	343.631
0.281053	304.396
0.298895	304.744
0.318096	304.819
0.33954	305.395
0.259324	303.59
0.220727	302.127
0.238863	302.567
0.203276	301.707
0.186515	301.716
0.17045	301.563
0.153829	297.137
0.138262	285.639
0.110431	273.15
0.123662	273.15
0.0979295	273.15
0.0552968	273.15
0.98925	337.616
0.955376	320.288
0.921908	289.013
0.921733	273.15
0.561341	312.789
0.588705	313.744
0.61661	314.899
0.644033	314.67
0.533314	311.215
0.672357	308.844
0.701916	310.135
0.480363	305.681
0.506118	306.194
0.763084	318.914
0.731974	311.122
0.431608	307.953
0.455193	305.136
0.890284	328.568
0.857404	324.42
0.793543	312.74
0.82503	313.578
0.361621	305.989
0.383286	303.295
0.406645	303.925
0.989601	338.848
0.922499	329.819
0.955674	333.349
0.27878	304.162
0.297299	304.235
0.316977	301.689
0.338444	302.202
0.257674	303.07
0.219516	299.03
0.237667	299.41
0.20205	297.779
0.185276	297.551
0.1692	297.571
0.152929	284.572
0.137615	273.15
0.922154	318.016
0.889069	288.896
0.88887	273.15
0.560175	311.983
0.587588	312.838
0.615544	314.002
0.643309	308.145
0.532448	307.036
0.671867	288.483
0.701454	289.164
0.479697	289.63
0.505475	289.691
0.76252	312.193
0.731542	289.421
0.430617	304.531
0.454506	289.478
0.889738	326.959
0.856969	314.76
0.79317	289.259
0.824688	289.014
0.36055	302.73
0.382539	288.655
0.405917	288.934
0.277155	303.662
0.296159	301.143
0.316178	288.019
0.337661	288.252
0.256496	299.926
0.21865	285.905
0.236813	286.279
0.201174	284.652
0.184391	284.211
0.168307	284.386
0.152286	273.15
0.889348	316.27
0.856658	288.868
0.856437	273.15
0.559342	307.154
0.586791	307.508
0.614783	308.43
0.642792	288.321
0.531828	289.964
0.671518	273.15
0.701125	273.15
0.479222	273.15
0.505016	273.15
0.762117	289.602
0.731233	273.15
0.429909	289.215
0.454015	273.15
0.792904	273.15
0.824444	273.15
0.359784	288.465
0.382005	273.15
0.405397	273.15
0.275995	300.628
0.295344	287.685
0.315608	273.15
0.337102	273.15
0.255654	286.753
0.218032	273.15
0.236202	273.15
0.200549	273.15
0.183759	273.15
0.16767	273.15
0.558747	289.41
0.586221	289.067
0.61424	289.204
0.642423	273.15
0.531386	273.15
0.76183	273.15
0.429403	273.15
0.359237	273.15
0.275167	287.343
0.294763	273.15
0.255052	273.15
0.558322	273.15
0.585814	273.15
0.613851	273.15
0.274575	273.15
0.720164	318.418
0.680187	316.944
0.68	316.916
0.72	318.4
0.680449	317.009
0.720394	318.459
0.760141	319.871
0.76	319.856
0.720715	318.497
0.680816	317.07
0.760338	319.905
0.800118	321.889
0.8	321.874
0.68133	317.126
0.721166	318.538
0.640918	315.504
0.640505	315.422
0.760614	319.939
0.800283	321.917
0.840095	324.997
0.84	324.983
0.721796	318.575
0.68205	317.175
0.641495	315.564
0.761001	319.984
0.800513	321.929
0.840227	325.015
0.880071	328.576
0.88	328.567
0.683057	317.213
0.722679	318.603
0.642303	315.613
0.761543	320.032
0.800837	321.958
0.840412	324.997
0.880171	328.594
0.920048	332.038
0.92	332.036
0.723914	318.629
0.684467	317.246
0.643435	315.652
0.7623	320.068
0.801289	322.033
0.840672	324.976
0.880311	328.595
0.920116	332.042
0.960025	335.99
0.96	335.991
0.686441	317.252
0.725644	318.649
0.64502	315.685
0.763362	320.099
0.801922	322.137
0.841035	325.016
0.880507	328.582
0.92021	332.048
0.96006	335.984
1	340.813
1	340.807
0.728066	318.638
0.689205	317.214
0.647238	315.684
0.764847	320.129
0.802809	322.227
0.841544	325.128
0.880782	328.582
0.920343	332.063
0.960109	335.982
1	340.831
1.03998	345.944
1.04	345.945
0.693074	317.332
0.731456	318.732
0.650344	315.635
0.766927	320.134
0.80405	322.296
0.842256	325.259
0.881166	328.632
0.920528	332.092
0.960178	335.991
1.00001	340.85
1.03995	345.935
1.07996	350.893
1.08	350.91
0.654692	315.793
0.769839	320.229
0.805788	322.334
0.843253	325.363
0.881704	328.726
0.920788	332.151
0.960275	335.992
1.00001	340.849
1.03991	345.92
1.07989	350.84
1.11993	355.943
1.12	355.948
0.808221	322.488
0.844649	325.435
0.882456	328.819
0.921151	332.241
0.960409	335.983
1.00002	340.827
1.03985	345.917
1.07981	350.784
1.11984	355.932
1.15991	360.787
1.16	360.785
0.846604	325.625
0.88351	328.886
0.921659	332.322
0.960598	335.99
1.00003	340.808
1.03977	345.951
1.07968	350.773
1.11971	355.922
1.15978	360.791
1.19989	364.707
1.2	364.722
0.884986	329.016
0.922372	332.374
0.960863	336.029
1.00005	340.809
1.03965	346.023
1.07951	350.793
1.11952	355.904
1.1596	360.792
1.19973	364.674
1.23986	368.014
1.24	368.04
0.923368	332.442
0.961233	336.099
1.00007	340.816
1.03949	346.096
1.07927	350.764
1.11926	355.818
1.15936	360.77
1.1995	364.675
1.23967	367.956
1.27984	371.201
1.28	371.234
0.961751	336.165
1.00009	340.801
1.03927	346.078
1.07894	350.671
1.1189	355.594
1.15901	360.674
1.19919	364.755
1.2394	367.944
1.27962	371.108
1.32	374.201
1.31982	374.166
1.00013	340.771
1.03895	345.908
1.07847	350.559
1.11839	355.391
1.15852	360.494
1.19875	364.877
1.23903	368.034
1.2793	371.03
1.31956	374.056
1.35979	376.669
1.36	376.7
1.03852	345.727
1.07782	350.419
1.11767	355.447
1.15783	360.412
1.19814	364.956
1.2385	368.188
1.27886	371.049
1.3192	373.931
1.3595	376.576
1.39977	379.568
1.4	379.605
1.0769	350.283
1.11668	355.616
1.15688	360.58
1.19728	364.924
1.23776	368.286
1.27825	371.217
1.3187	373.895
1.3591	376.453
1.39945	379.479
1.43975	383.241
1.44	383.284
1.11528	355.58
1.15554	360.732
1.19608	364.728
1.23673	368.137
1.27738	371.491
1.31799	374.045
1.35853	376.346
1.399	379.399
1.43939	383.166
1.47972	386.941
1.48	386.999
1.15366	360.583
1.1944	364.239
1.23528	367.635
1.27618	371.594
1.31701	374.37
1.35774	376.305
1.39837	379.328
1.4389	383.149
1.47934	386.85
1.5197	390.633
1.52	390.726
1.19205	363.679
1.23326	366.877
1.27449	371.272
1.31562	374.62
1.35663	376.334
1.39748	379.235
1.4382	383.113
1.4788	386.841
1.51928	390.448
1.55968	394.248
1.56	394.359
1.23043	366.265
1.27212	370.745
1.31369	374.575
1.35507	376.335
1.39625	379.074
1.43723	382.937
1.47804	386.762
1.51869	390.318
1.55923	393.988
1.59965	397.15
1.6	397.257
1.26881	370.176
1.31098	374.393
1.35289	376.264
1.39452	378.858
1.43587	382.592
1.47698	386.478
1.51787	390.108
1.55859	393.728
1.59917	396.878
1.63963	399.256
1.64	399.361
1.30719	374.022
1.34984	376.24
1.3921	378.688
1.43397	382.199
1.47549	386.096
1.51672	389.751
1.55771	393.422
1.59849	396.597
1.63911	398.994
1.67961	400.923
1.68	401.027
1.34557	376.113
1.3887	378.629
1.4313	381.915
1.47341	385.742
1.51511	389.401
1.55647	393.068
1.59754	396.332
1.63839	398.749
1.67906	400.669
1.71958	402.284
1.72	402.393
1.38396	378.451
1.42757	381.784
1.4705	385.481
1.51286	389.137
1.55474	392.793
1.59622	396.099
1.63738	398.576
1.67829	400.459
1.719	402.036
1.75956	403.524
1.76	403.647
1.42234	381.468
1.46643	385.324
1.50971	388.922
1.55231	392.621
1.59436	395.958
1.63596	398.472
1.67722	400.347
1.71819	401.871
1.75895	403.256
1.79954	404.787
1.8	404.926
1.46072	384.827
1.50529	388.845
1.54891	392.405
1.59176	395.891
1.63398	398.432
1.67571	400.292
1.71705	401.815
1.75809	403.111
1.79889	404.466
1.83952	405.923
1.84	406.014
1.4991	388.417
1.54415	392.372
1.58811	395.786
1.6312	398.42
1.6736	400.272
1.71546	401.789
1.75689	403.094
1.79799	404.265
1.83884	405.695
1.87949	406.481
1.88	406.503
1.53749	392.024
1.58301	395.816
1.62731	398.408
1.67065	400.272
1.71322	401.771
1.7552	403.09
1.79672	404.236
1.83789	405.525
1.87878	406.421
1.91947	406.532
1.92	406.54
1.57587	395.487
1.62187	398.465
1.66652	400.301
1.7101	401.759
1.75284	403.078
1.79495	404.244
1.83656	405.481
1.87779	406.367
1.91873	406.509
1.95945	406.56
1.96	406.573
1.61425	398.135
1.66073	400.358
1.70572	401.773
1.74954	403.056
1.79247	404.232
1.83469	405.472
1.87639	406.34
1.91768	406.487
1.95867	406.531
2	406.58
1.99942	406.58
1.65263	400.078
1.69959	401.812
1.74492	403.041
1.78899	404.193
1.83209	405.439
1.87444	406.318
1.91623	406.476
1.95758	406.512
1.99861	406.551
1.69102	401.556
1.73846	403.066
1.78413	404.157
1.82844	405.367
1.87171	406.287
1.91419	406.468
1.95606	406.505
1.99748	406.534
1.7294	402.822
1.77732	404.211
1.82333	405.273
1.86789	406.23
1.91133	406.46
1.95393	406.5
1.9959	406.529
1.76778	404.004
1.81618	405.277
1.86253	406.14
1.90733	406.447
1.95095	406.494
1.99368	406.527
1.80616	405.112
1.85504	406.081
1.90174	406.423
1.94678	406.485
1.99058	406.525
1.84455	405.935
1.8939	406.386
1.94094	406.469
1.98623	406.523
1.88293	406.304
1.93276	406.445
1.98014	406.518
1.92131	406.389
1.97162	406.505
1.95969	406.48