0.68	319.67
0.64	317.922
0.6	316.056
0.56	314.314
0.52	312.898
0.48	311.616
0.44	310.168
0.4	308.554
0.36	307.028
0.32	305.768
0.28	304.633
0.24	303.382
0.2	301.909
0.16	300.614
0.12	300.031
0.08	299.886
0.04	297.01
0	283.612
0.68	319.67
0.72	321.146
0.76	322.671
0.8	325.113
0.84	328.777
0.88	333.102
0.92	337.469
0.96	341.804
1	346.728
1.04	351.778
1.08	356.813
1.12	361.583
1.16	365.011
1.2	367.679
1.24	370.227
1.28	372.589
1.32	374.372
1.36	376.362
1.4	379.378
1.44	382.629
1.48	385.886
1.52	389.399
1.56	392.82
1.6	395.561
1.64	397.496
1.68	399
1.72	400.322
1.76	401.518
1.8	402.661
1.84	403.685
1.88	404.193
1.92	404.243
1.96	404.273
2	404.281