2	393.874
1.99942	393.868
1.99861	393.857
1.99748	393.854
1.9959	393.855
1.99368	393.855
1.99058	393.855
1.98958	393.855
1.98623	393.855
1.98014	393.853
1.97162	393.845
1.95969	393.833
1.92131	393.745
1.88293	393.643
1.84455	393.26
1.80617	392.407
1.76779	391.284
1.72941	390.074
1.69103	388.714
1.65265	387.115
1.61427	385.272
1.5759	383.276
1.53752	381.305
1.49914	379.445
1.46076	377.783
1.42238	376.238
1.384	374.776
1.34562	373.379
1.30724	372.099
1.26886	370.402
1.23048	368.62
1.1921	367.177
1.15372	365.592
1.11534	363.758
1.07696	361.813
1.03858	359.682
1.0002	357.208
0.961826	354.6
0.923446	351.884
0.885067	348.724
0.846688	345.027
0.808309	341.217
0.76993	337.872
0.731552	335.378
0.693173	333.358
0.654795	331.284
0.616417	328.895
0.578039	326.078
0.53966	323.447
0.501281	321.409
0.462897	319.69
0.424512	317.824
0.386127	315.805
0.347747	313.994
0.309379	312.511
0.27103	311.186
0.2327	309.788
0.194379	308.233
0.156055	306.824
0.117706	306.028
0.0792988	305.665
0.0407825	305.252
0.0289604	305.171
0.0204719	305.117
0.0143866	305.093
0.0118976	305.07
0.0100674	305.043
0.00700999	304.933
0.00482083	304.728
0.00325446	304.093
0.00213427	300.464
0.00133345	287.135
0.000761082	273.15