2	404.207
1.99942	404.201
1.99861	404.189
1.99748	404.186
1.9959	404.186
1.99368	404.186
1.99058	404.186
1.98958	404.186
1.98623	404.186
1.98014	404.185
1.97162	404.177
1.95969	404.163
1.92131	404.069
1.88293	403.968
1.84455	403.603
1.80617	402.803
1.76779	401.747
1.72941	400.638
1.69103	399.435
1.65265	398.032
1.61427	396.245
1.5759	393.655
1.53752	390.426
1.49914	387.092
1.46076	384.187
1.42238	381.072
1.384	377.832
1.34562	375.35
1.30724	373.829
1.26886	372.757
1.23048	369.47
1.1921	366.283
1.15372	364.421
1.11534	361.264
1.07696	356.367
1.03858	351.281
1.0002	346.696
0.961826	342.112
0.923446	337.964
0.885067	333.711
0.846688	329.559
0.808309	325.881
0.76993	323.115
0.731552	321.541
0.693173	320.192
0.654795	318.613
0.616417	316.787
0.578039	314.926
0.53966	313.367
0.501281	312.152
0.462897	311.015
0.424512	309.674
0.386127	308.157
0.347747	306.758
0.309379	305.636
0.27103	304.641
0.2327	303.529
0.194379	302.259
0.156055	301.096
0.117706	300.432
0.0792988	300.118
0.0407825	299.747
0.0289604	299.668
0.0204719	299.612
0.0143866	299.585
0.0118976	299.558
0.0100674	299.53
0.00700999	299.412
0.00482083	299.198
0.00325446	298.611
0.00213427	296.098
0.00133345	285.454
0.000761082	273.15