2	386.945
1.99942	386.94
1.99861	386.932
1.99748	386.93
1.9959	386.931
1.99368	386.931
1.99058	386.93
1.98958	386.93
1.98623	386.93
1.98014	386.927
1.97162	386.919
1.95969	386.909
1.92131	386.831
1.88293	386.736
1.84455	386.382
1.80617	385.619
1.76779	384.627
1.72941	383.541
1.69103	382.36
1.65265	381.076
1.61427	379.702
1.5759	378.309
1.53752	376.941
1.49914	375.64
1.46076	374.402
1.42238	373.361
1.384	372.501
1.34562	371.616
1.30724	370.128
1.26886	368.717
1.23048	367.811
1.1921	366.62
1.15372	365.008
1.11534	363.575
1.07696	362.336
1.03858	360.774
1.0002	359.04
0.961826	357.459
0.923446	355.818
0.885067	353.822
0.846688	351.394
0.808309	348.745
0.76993	346.398
0.731552	344.407
0.693173	342.351
0.654795	339.972
0.616417	337.239
0.578039	334.136
0.53966	331.052
0.501281	328.577
0.462897	326.506
0.424512	324.095
0.386127	321.362
0.347747	318.925
0.309379	317.006
0.27103	315.3
0.2327	313.562
0.194379	311.744
0.156055	310.145
0.117706	309.255
0.0792988	308.86
0.0407825	308.416
0.0289604	308.329
0.0204719	308.269
0.0143866	308.242
0.0118976	308.215
0.0100674	308.186
0.00700999	308.063
0.00482083	307.834
0.00325446	307.109
0.00213427	303.016
0.00133345	288.306
0.000761082	273.15