2	406.505
1.99942	406.498
1.99861	406.486
1.99748	406.483
1.9959	406.483
1.99368	406.483
1.99058	406.482
1.98958	406.482
1.98623	406.483
1.98014	406.482
1.97162	406.473
1.95969	406.46
1.92131	406.363
1.88293	406.259
1.84455	405.867
1.80617	405.013
1.76779	403.882
1.72941	402.704
1.69103	401.454
1.65265	399.972
1.61427	398.004
1.5759	395.347
1.53752	391.918
1.49914	388.313
1.46076	384.762
1.42238	381.443
1.384	378.46
1.34562	376.027
1.30724	373.843
1.26886	370.153
1.23048	366.319
1.1921	363.654
1.15372	360.522
1.11534	355.591
1.07696	350.308
1.03858	345.72
1.0002	340.77
0.961826	336.165
0.923446	332.432
0.885067	329.034
0.846688	325.673
0.808309	322.526
0.76993	320.263
0.731552	318.773
0.693173	317.392
0.654795	315.874
0.616417	314.192
0.578039	312.535
0.53966	311.17
0.501281	310.105
0.462897	309.092
0.424512	307.874
0.386127	306.469
0.347747	305.164
0.309379	304.13
0.27103	303.207
0.2327	302.158
0.194379	300.957
0.156055	299.864
0.117706	299.24
0.0792988	298.941
0.0407825	298.582
0.0289604	298.505
0.0204719	298.452
0.0143866	298.428
0.0118976	298.403
0.0100674	298.376
0.00700999	298.264
0.00482083	298.061
0.00325446	297.508
0.00213427	295.134
0.00133345	284.986
0.000761082	273.15