(title "Velocity Magnitude")
(labels "Position" "Velocity Magnitude")

((xy/key/label "outflow")
0.4	0
0.406015	1.49319e-05
0.413533	3.33373e-05
0.42293	5.60478e-05
0.434677	8.41301e-05
0.449361	0.000119026
0.467716	0.000162885
0.49066	0.000219345
0.519339	0.000295605
0.555188	0.000407763
0.6	0.000582868
0.644812	0.000765492
0.680661	0.000851507
0.70934	0.000820243
0.732284	0.000700754
0.750639	0.000545568
0.765323	0.000394501
0.77707	0.000263685
0.786467	0.00015604
0.793985	6.92918e-05
0.8	0
)
