(title "Relative Velocity Magnitude")
(labels "Position" "Relative Velocity Magnitude")

((xy/key/label "midline")
-0.0249791	0
-0.02398	29.69
-0.022781	34.3201
-0.0213422	36.9975
-0.0196156	39.1723
-0.0175437	41.0219
-0.016311	41.8286
-0.0133732	43.4082
-0.0119994	44.0505
-0.0119994	44.0505
-0.00999943	44.8627
-0.00799943	45.5
-0.00599943	45.979
-0.00399943	46.3069
-0.00199943	46.4941
5.68395e-07	46.5537
0.00200057	46.4931
0.00400057	46.3049
0.00600057	45.975
0.00800057	45.4926
0.0100006	44.851
0.0120006	44.0372
0.0140481	43.0352
0.0141618	42.9733
0.0162262	41.84
0.0175219	40.9881
0.0175219	40.9881
0.0195912	39.1373
0.0213156	36.9568
0.0227527	34.2773
0.0239502	29.6403
0.0249481	0
)
