(title "streamwise-var-y")
(labels "Position" "streamwise-var-y")

((xy/key/label "midline")
-0.0249791	7.19056
-0.02398	7.46735
-0.022781	7.22426
-0.0213422	6.15776
-0.0196156	5.50837
-0.0175437	4.71619
-0.016311	4.45367
-0.0133732	4.28028
-0.0119994	4.00593
-0.0119994	4.00593
-0.00999943	3.55361
-0.00799943	3.19634
-0.00599943	2.9152
-0.00399943	2.70911
-0.00199943	2.58354
5.68395e-07	2.54279
0.00200057	2.5898
0.00400057	2.72159
0.00600057	2.93239
0.00800057	3.21673
0.0100006	3.57515
0.0120006	4.02372
0.0140481	4.3285
0.0141618	4.33599
0.0162262	4.47326
0.0175219	4.75078
0.0175219	4.75078
0.0195912	5.54017
0.0213156	6.19568
0.0227527	7.28152
0.0239502	7.48871
0.0249481	7.17838
)
