(title "X Velocity")
(labels "Position" "X Velocity")

((xy/key/label "line0.75")
0	0
0.000707107	8.53051e-08
0.00155563	3.31478e-07
0.00257387	8.16843e-07
0.00379575	1.63301e-06
0.00526201	2.86705e-06
0.00702151	4.55324e-06
0.00913292	6.57873e-06
0.0116666	8.57462e-06
0.014707	9.79281e-06
0.0183556	9.22847e-06
0.0227338	5.08533e-06
0.0279877	-6.22849e-06
0.0342923	-2.99528e-05
0.0418579	-7.29893e-05
0.0509365	-0.000144289
0.061831	-0.000254487
0.0625	-0.000262184
0.0749043	-0.000439988
0.0905922	-0.000688917
0.109418	-0.000993797
0.117647	-0.00111762
0.132008	-0.00135362
0.176867	-0.0019183
0.221785	-0.00222223
0.266854	-0.0022477
0.312286	-0.00206318
0.358175	-0.00173563
0.405137	-0.00133143
0.453972	-0.000903956
0.506224	-0.000487793
0.565465	-0.00010583
0.625074	0.000177705
0.678097	0.000350337
0.727958	0.000435732
0.776028	0.000449624
0.822733	0.000408102
0.868257	0.000328292
0.912865	0.000225894
0.956908	0.000113465
1.00077	-1.24172e-06
1.04479	-0.000116138
1.08924	-0.000228874
1.13436	-0.000330992
1.18045	-0.000409223
1.22788	-0.000447297
1.2773	-0.000427034
1.33011	-0.000328659
1.38966	-0.000124345
1.44889	0.000183095
1.50128	0.000545595
1.55042	0.000946712
1.59783	0.00136334
1.64413	0.00175769
1.68963	0.00207498
1.73452	0.00225016
1.77908	0.00222025
1.82352	0.00191697
1.86799	0.00135469
1.86799	0.00135469
1.88235	0.00111821
1.89058	0.000994173
1.90941	0.000689096
1.9251	0.000440024
1.9375	0.000262124
1.93817	0.000254429
1.94906	0.000144217
1.95814	7.29057e-05
1.96571	2.98674e-05
1.97201	6.15462e-06
1.97727	-5.14347e-06
1.98164	-9.27609e-06
1.98529	-9.82999e-06
1.98833	-8.60258e-06
1.99087	-6.60032e-06
1.99298	-4.57e-06
1.99474	-2.88131e-06
1.9962	-1.6459e-06
1.99743	-8.29415e-07
1.99844	-3.41711e-07
1.99929	-9.80273e-08
2	0
)
