(title "X Velocity")
(labels "Position" "X Velocity")

((xy/key/label "line-0.5")
0	0
0.000707107	1.58847e-07
0.00155563	5.72093e-07
0.00257387	1.44273e-06
0.00379575	3.00319e-06
0.00526201	5.56146e-06
0.00702151	9.45931e-06
0.00913292	1.5029e-05
0.0116666	2.25709e-05
0.014707	3.23616e-05
0.0183556	4.46332e-05
0.0227338	5.95287e-05
0.0279877	7.70556e-05
0.0342923	9.69603e-05
0.0418579	0.000118517
0.0509365	0.000140274
0.0618309	0.000159656
0.0749042	0.0001726
0.0905922	0.000171858
0.0909091	0.000171584
0.109418	0.000147868
0.132008	7.94745e-05
0.177326	-0.00015795
0.224215	-0.000476369
0.260289	-0.000748821
0.272423	-0.000843232
0.320823	-0.00119061
0.369316	-0.00147167
0.418007	-0.00166416
0.467122	-0.00176279
0.516713	-0.00177441
0.566701	-0.00171157
0.617161	-0.00159003
0.667933	-0.0014264
0.718675	-0.00123596
0.768915	-0.00103131
0.818178	-0.000820986
0.866106	-0.000610103
0.912612	-0.000401015
0.957915	-0.000193995
1.0025	1.16966e-05
1.04696	0.000216907
1.09201	0.00042292
1.13822	0.000630778
1.18589	0.000840556
1.23502	0.00105006
1.28525	0.00125395
1.33608	0.00144305
1.38695	0.00160393
1.4374	0.00172083
1.48721	0.00177786
1.53633	0.00176051
1.58493	0.00165669
1.63306	0.00146036
1.68098	0.00117792
1.72882	0.000831705
1.72993	0.000822984
1.77659	0.000468463
1.82307	0.000153962
1.86799	-8.00673e-05
1.86799	-8.00673e-05
1.89058	-0.000148215
1.90909	-0.000171888
1.90941	-0.000172163
1.9251	-0.000172865
1.93817	-0.000159875
1.94906	-0.000140449
1.95814	-0.000118659
1.96571	-9.70723e-05
1.97201	-7.71436e-05
1.97727	-5.95975e-05
1.98164	-4.46859e-05
1.98529	-3.24012e-05
1.98833	-2.25993e-05
1.99087	-1.50482e-05
1.99298	-9.47147e-06
1.99474	-5.56848e-06
1.9962	-3.00667e-06
1.99743	-1.44387e-06
1.99844	-5.71745e-07
1.99929	-1.57256e-07
2	0
)
