(title "Wall Shear Stress")
(labels "Position" "Wall Shear Stress")

((xy/key/label "wall:19")
0	0.000154828
0	0.000154828
0	0.000154828
0	0.000154828
0	0.000154828
0	0.000154828
0	0.000154828
0	0.000154828
0	0.000154828
0	0.000154828
0	0.000154828
0	0.000154828
0	0.000154828
0	0.000154828
0	0.000154828
0	0.000154828
0	0.000154828
0	0.000154828
0	0.000154828
0	0.000154828
0	0.000154828
0	0.000154828
0	0.000154828
0	0.000154828
0	0.000154828
0	0.000154828
0	0.000154828
0	0.000154828
0	0.000154828
0	0.000154828
0	0.000154828
0	0.000154828
0	0.000154828
0	0.000154828
0	0.000154828
0	0.000154828
0	0.000154828
0	0.000154828
0	0.000154828
0	0.000154828
0	0.000154828
0.05	0.000190553
0.05	0.000190553
0.05	0.000190553
0.05	0.000190553
0.05	0.000190553
0.05	0.000190553
0.05	0.000190553
0.05	0.000190553
0.05	0.000190553
0.05	0.000190553
0.05	0.000190553
0.05	0.000190553
0.05	0.000190553
0.05	0.000190553
0.05	0.000190553
0.05	0.000190553
0.05	0.000190553
0.05	0.000190553
0.05	0.000190553
0.05	0.000190553
0.05	0.000190553
0.05	0.000190553
0.05	0.000190553
0.05	0.000190553
0.05	0.000190553
0.05	0.000190553
0.05	0.000190553
0.05	0.000190553
0.05	0.000190553
0.05	0.000190553
0.05	0.000190553
0.05	0.000190553
0.05	0.000190553
0.05	0.000190553
0.05	0.000190553
0.05	0.000190553
0.05	0.000190553
0.05	0.000190553
0.05	0.000190553
0.05	0.000190553
0.05	0.000190553
0.1	0.000242254
0.1	0.000242254
0.1	0.000242254
0.1	0.000242254
0.1	0.000242254
0.1	0.000242254
0.1	0.000242254
0.1	0.000242254
0.1	0.000242254
0.1	0.000242254
0.1	0.000242254
0.1	0.000242254
0.1	0.000242254
0.1	0.000242254
0.1	0.000242254
0.1	0.000242254
0.1	0.000242254
0.1	0.000242254
0.1	0.000242254
0.1	0.000242254
0.1	0.000242254
0.1	0.000242254
0.1	0.000242254
0.1	0.000242254
0.1	0.000242254
0.1	0.000242254
0.1	0.000242254
0.1	0.000242254
0.1	0.000242254
0.1	0.000242254
0.1	0.000242254
0.1	0.000242254
0.1	0.000242254
0.1	0.000242254
0.1	0.000242254
0.1	0.000242254
0.1	0.000242254
0.1	0.000242254
0.1	0.000242254
0.1	0.000242254
0.1	0.000242254
0.15	0.000265964
0.15	0.000265964
0.15	0.000265964
0.15	0.000265964
0.15	0.000265964
0.15	0.000265964
0.15	0.000265964
0.15	0.000265964
0.15	0.000265964
0.15	0.000265964
0.15	0.000265964
0.15	0.000265964
0.15	0.000265964
0.15	0.000265964
0.15	0.000265964
0.15	0.000265964
0.15	0.000265964
0.15	0.000265964
0.15	0.000265964
0.15	0.000265964
0.15	0.000265964
0.15	0.000265964
0.15	0.000265964
0.15	0.000265964
0.15	0.000265964
0.15	0.000265964
0.15	0.000265964
0.15	0.000265964
0.15	0.000265964
0.15	0.000265964
0.15	0.000265964
0.15	0.000265964
0.15	0.000265964
0.15	0.000265964
0.15	0.000265964
0.15	0.000265964
0.15	0.000265964
0.15	0.000265964
0.15	0.000265964
0.15	0.000265964
0.15	0.000265964
0.2	0.000277332
0.2	0.000277332
0.2	0.000277332
0.2	0.000277332
0.2	0.000277332
0.2	0.000277332
0.2	0.000277332
0.2	0.000277332
0.2	0.000277332
0.2	0.000277332
0.2	0.000277332
0.2	0.000277332
0.2	0.000277332
0.2	0.000277332
0.2	0.000277332
0.2	0.000277332
0.2	0.000277332
0.2	0.000277332
0.2	0.000277332
0.2	0.000277332
0.2	0.000277332
0.2	0.000277332
0.2	0.000277332
0.2	0.000277332
0.2	0.000277332
0.2	0.000277332
0.2	0.000277332
0.2	0.000277332
0.2	0.000277332
0.2	0.000277332
0.2	0.000277332
0.2	0.000277332
0.2	0.000277332
0.2	0.000277332
0.2	0.000277332
0.2	0.000277332
0.2	0.000277332
0.2	0.000277332
0.2	0.000277332
0.2	0.000277332
0.2	0.000277332
0.25	0.000283362
0.25	0.000283362
0.25	0.000283362
0.25	0.000283362
0.25	0.000283362
0.25	0.000283362
0.25	0.000283362
0.25	0.000283362
0.25	0.000283362
0.25	0.000283362
0.25	0.000283362
0.25	0.000283362
0.25	0.000283362
0.25	0.000283362
0.25	0.000283362
0.25	0.000283362
0.25	0.000283362
0.25	0.000283362
0.25	0.000283362
0.25	0.000283362
0.25	0.000283362
0.25	0.000283362
0.25	0.000283362
0.25	0.000283362
0.25	0.000283362
0.25	0.000283362
0.25	0.000283362
0.25	0.000283362
0.25	0.000283362
0.25	0.000283362
0.25	0.000283362
0.25	0.000283362
0.25	0.000283362
0.25	0.000283362
0.25	0.000283362
0.25	0.000283362
0.25	0.000283362
0.25	0.000283362
0.25	0.000283362
0.25	0.000283362
0.25	0.000283362
0.3	0.000287774
0.3	0.000287774
0.3	0.000287774
0.3	0.000287774
0.3	0.000287774
0.3	0.000287774
0.3	0.000287774
0.3	0.000287774
0.3	0.000287774
0.3	0.000287774
0.3	0.000287774
0.3	0.000287774
0.3	0.000287774
0.3	0.000287774
0.3	0.000287774
0.3	0.000287774
0.3	0.000287774
0.3	0.000287774
0.3	0.000287774
0.3	0.000287774
0.3	0.000287774
0.3	0.000287774
0.3	0.000287774
0.3	0.000287774
0.3	0.000287774
0.3	0.000287774
0.3	0.000287774
0.3	0.000287774
0.3	0.000287774
0.3	0.000287774
0.3	0.000287774
0.3	0.000287774
0.3	0.000287774
0.3	0.000287774
0.3	0.000287774
0.3	0.000287774
0.3	0.000287774
0.3	0.000287774
0.3	0.000287774
0.3	0.000287774
0.3	0.000287774
0.35	0.00029135
0.35	0.00029135
0.35	0.00029135
0.35	0.00029135
0.35	0.00029135
0.35	0.00029135
0.35	0.00029135
0.35	0.00029135
0.35	0.00029135
0.35	0.00029135
0.35	0.00029135
0.35	0.00029135
0.35	0.00029135
0.35	0.00029135
0.35	0.00029135
0.35	0.00029135
0.35	0.00029135
0.35	0.00029135
0.35	0.00029135
0.35	0.00029135
0.35	0.00029135
0.35	0.00029135
0.35	0.00029135
0.35	0.00029135
0.35	0.00029135
0.35	0.00029135
0.35	0.00029135
0.35	0.00029135
0.35	0.00029135
0.35	0.00029135
0.35	0.00029135
0.35	0.00029135
0.35	0.00029135
0.35	0.00029135
0.35	0.00029135
0.35	0.00029135
0.35	0.00029135
0.35	0.00029135
0.35	0.00029135
0.35	0.00029135
0.35	0.00029135
0.4	0.00029394
0.4	0.00029394
0.4	0.00029394
0.4	0.00029394
0.4	0.00029394
0.4	0.00029394
0.4	0.00029394
0.4	0.00029394
0.4	0.00029394
0.4	0.00029394
0.4	0.00029394
0.4	0.00029394
0.4	0.00029394
0.4	0.00029394
0.4	0.00029394
0.4	0.00029394
0.4	0.00029394
0.4	0.00029394
0.4	0.00029394
0.4	0.00029394
0.4	0.00029394
0.4	0.00029394
0.4	0.00029394
0.4	0.00029394
0.4	0.00029394
0.4	0.00029394
0.4	0.00029394
0.4	0.00029394
0.4	0.00029394
0.4	0.00029394
0.4	0.00029394
0.4	0.00029394
0.4	0.00029394
0.4	0.00029394
0.4	0.00029394
0.4	0.00029394
0.4	0.00029394
0.4	0.00029394
0.4	0.00029394
0.4	0.00029394
0.4	0.00029394
0.45	0.00029567
0.45	0.00029567
0.45	0.00029567
0.45	0.00029567
0.45	0.00029567
0.45	0.00029567
0.45	0.00029567
0.45	0.00029567
0.45	0.00029567
0.45	0.00029567
0.45	0.00029567
0.45	0.00029567
0.45	0.00029567
0.45	0.00029567
0.45	0.00029567
0.45	0.00029567
0.45	0.00029567
0.45	0.00029567
0.45	0.00029567
0.45	0.00029567
0.45	0.00029567
0.45	0.00029567
0.45	0.00029567
0.45	0.00029567
0.45	0.00029567
0.45	0.00029567
0.45	0.00029567
0.45	0.00029567
0.45	0.00029567
0.45	0.00029567
0.45	0.00029567
0.45	0.00029567
0.45	0.00029567
0.45	0.00029567
0.45	0.00029567
0.45	0.00029567
0.45	0.00029567
0.45	0.00029567
0.45	0.00029567
0.45	0.00029567
0.45	0.00029567
0.5	0.000296812
0.5	0.000296812
0.5	0.000296812
0.5	0.000296812
0.5	0.000296812
0.5	0.000296812
0.5	0.000296812
0.5	0.000296812
0.5	0.000296812
0.5	0.000296812
0.5	0.000296812
0.5	0.000296812
0.5	0.000296812
0.5	0.000296812
0.5	0.000296812
0.5	0.000296812
0.5	0.000296812
0.5	0.000296812
0.5	0.000296812
0.5	0.000296812
0.5	0.000296812
0.5	0.000296812
0.5	0.000296812
0.5	0.000296812
0.5	0.000296812
0.5	0.000296812
0.5	0.000296812
0.5	0.000296812
0.5	0.000296812
0.5	0.000296812
0.5	0.000296812
0.5	0.000296812
0.5	0.000296812
0.5	0.000296812
0.5	0.000296812
0.5	0.000296812
0.5	0.000296812
0.5	0.000296812
0.5	0.000296812
0.5	0.000296812
0.5	0.000296812
0.55	0.000297323
0.55	0.000297323
0.55	0.000297323
0.55	0.000297323
0.55	0.000297323
0.55	0.000297323
0.55	0.000297323
0.55	0.000297323
0.55	0.000297323
0.55	0.000297323
0.55	0.000297323
0.55	0.000297323
0.55	0.000297323
0.55	0.000297323
0.55	0.000297323
0.55	0.000297323
0.55	0.000297323
0.55	0.000297323
0.55	0.000297323
0.55	0.000297323
0.55	0.000297323
0.55	0.000297323
0.55	0.000297323
0.55	0.000297323
0.55	0.000297323
0.55	0.000297323
0.55	0.000297323
0.55	0.000297323
0.55	0.000297323
0.55	0.000297323
0.55	0.000297323
0.55	0.000297323
0.55	0.000297323
0.55	0.000297323
0.55	0.000297323
0.55	0.000297323
0.55	0.000297323
0.55	0.000297323
0.55	0.000297323
0.55	0.000297323
0.55	0.000297323
0.6	0.00029699
0.6	0.00029699
0.6	0.00029699
0.6	0.00029699
0.6	0.00029699
0.6	0.00029699
0.6	0.00029699
0.6	0.00029699
0.6	0.00029699
0.6	0.00029699
0.6	0.00029699
0.6	0.00029699
0.6	0.00029699
0.6	0.00029699
0.6	0.00029699
0.6	0.00029699
0.6	0.00029699
0.6	0.00029699
0.6	0.00029699
0.6	0.00029699
0.6	0.00029699
0.6	0.00029699
0.6	0.00029699
0.6	0.00029699
0.6	0.00029699
0.6	0.00029699
0.6	0.00029699
0.6	0.00029699
0.6	0.00029699
0.6	0.00029699
0.6	0.00029699
0.6	0.00029699
0.6	0.00029699
0.6	0.00029699
0.6	0.00029699
0.6	0.00029699
0.6	0.00029699
0.6	0.00029699
0.6	0.00029699
0.6	0.00029699
0.6	0.00029699
0.65	0.000295805
0.65	0.000295805
0.65	0.000295805
0.65	0.000295805
0.65	0.000295805
0.65	0.000295805
0.65	0.000295805
0.65	0.000295805
0.65	0.000295805
0.65	0.000295805
0.65	0.000295805
0.65	0.000295805
0.65	0.000295805
0.65	0.000295805
0.65	0.000295805
0.65	0.000295805
0.65	0.000295805
0.65	0.000295805
0.65	0.000295805
0.65	0.000295805
0.65	0.000295805
0.65	0.000295805
0.65	0.000295805
0.65	0.000295805
0.65	0.000295805
0.65	0.000295805
0.65	0.000295805
0.65	0.000295805
0.65	0.000295805
0.65	0.000295805
0.65	0.000295805
0.65	0.000295805
0.65	0.000295805
0.65	0.000295805
0.65	0.000295805
0.65	0.000295805
0.65	0.000295805
0.65	0.000295805
0.65	0.000295805
0.65	0.000295805
0.65	0.000295805
0.7	0.000294016
0.7	0.000294016
0.7	0.000294016
0.7	0.000294016
0.7	0.000294016
0.7	0.000294016
0.7	0.000294016
0.7	0.000294016
0.7	0.000294016
0.7	0.000294016
0.7	0.000294016
0.7	0.000294016
0.7	0.000294016
0.7	0.000294016
0.7	0.000294016
0.7	0.000294016
0.7	0.000294016
0.7	0.000294016
0.7	0.000294016
0.7	0.000294016
0.7	0.000294016
0.7	0.000294016
0.7	0.000294016
0.7	0.000294016
0.7	0.000294016
0.7	0.000294016
0.7	0.000294016
0.7	0.000294016
0.7	0.000294016
0.7	0.000294016
0.7	0.000294016
0.7	0.000294016
0.7	0.000294016
0.7	0.000294016
0.7	0.000294016
0.7	0.000294016
0.7	0.000294016
0.7	0.000294016
0.7	0.000294016
0.7	0.000294016
0.7	0.000294016
0.75	0.000291852
0.75	0.000291852
0.75	0.000291852
0.75	0.000291852
0.75	0.000291852
0.75	0.000291852
0.75	0.000291852
0.75	0.000291852
0.75	0.000291852
0.75	0.000291852
0.75	0.000291852
0.75	0.000291852
0.75	0.000291852
0.75	0.000291852
0.75	0.000291852
0.75	0.000291852
0.75	0.000291852
0.75	0.000291852
0.75	0.000291852
0.75	0.000291852
0.75	0.000291852
0.75	0.000291852
0.75	0.000291852
0.75	0.000291852
0.75	0.000291852
0.75	0.000291852
0.75	0.000291852
0.75	0.000291852
0.75	0.000291852
0.75	0.000291852
0.75	0.000291852
0.75	0.000291852
0.75	0.000291852
0.75	0.000291852
0.75	0.000291852
0.75	0.000291852
0.75	0.000291852
0.75	0.000291852
0.75	0.000291852
0.75	0.000291852
0.75	0.000291852
0.8	0.000289306
0.8	0.000289306
0.8	0.000289306
0.8	0.000289306
0.8	0.000289306
0.8	0.000289306
0.8	0.000289306
0.8	0.000289306
0.8	0.000289306
0.8	0.000289306
0.8	0.000289306
0.8	0.000289306
0.8	0.000289306
0.8	0.000289306
0.8	0.000289306
0.8	0.000289306
0.8	0.000289306
0.8	0.000289306
0.8	0.000289306
0.8	0.000289306
0.8	0.000289306
0.8	0.000289306
0.8	0.000289306
0.8	0.000289306
0.8	0.000289306
0.8	0.000289306
0.8	0.000289306
0.8	0.000289306
0.8	0.000289306
0.8	0.000289306
0.8	0.000289306
0.8	0.000289306
0.8	0.000289306
0.8	0.000289306
0.8	0.000289306
0.8	0.000289306
0.8	0.000289306
0.8	0.000289306
0.8	0.000289306
0.8	0.000289306
0.8	0.000289306
0.85	0.000286272
0.85	0.000286272
0.85	0.000286272
0.85	0.000286272
0.85	0.000286272
0.85	0.000286272
0.85	0.000286272
0.85	0.000286272
0.85	0.000286272
0.85	0.000286272
0.85	0.000286272
0.85	0.000286272
0.85	0.000286272
0.85	0.000286272
0.85	0.000286272
0.85	0.000286272
0.85	0.000286272
0.85	0.000286272
0.85	0.000286272
0.85	0.000286272
0.85	0.000286272
0.85	0.000286272
0.85	0.000286272
0.85	0.000286272
0.85	0.000286272
0.85	0.000286272
0.85	0.000286272
0.85	0.000286272
0.85	0.000286272
0.85	0.000286272
0.85	0.000286272
0.85	0.000286272
0.85	0.000286272
0.85	0.000286272
0.85	0.000286272
0.85	0.000286272
0.85	0.000286272
0.85	0.000286272
0.85	0.000286272
0.85	0.000286272
0.85	0.000286272
0.9	0.000282937
0.9	0.000282937
0.9	0.000282937
0.9	0.000282937
0.9	0.000282937
0.9	0.000282937
0.9	0.000282937
0.9	0.000282937
0.9	0.000282937
0.9	0.000282937
0.9	0.000282937
0.9	0.000282937
0.9	0.000282937
0.9	0.000282937
0.9	0.000282937
0.9	0.000282937
0.9	0.000282937
0.9	0.000282937
0.9	0.000282937
0.9	0.000282937
0.9	0.000282937
0.9	0.000282937
0.9	0.000282937
0.9	0.000282937
0.9	0.000282937
0.9	0.000282937
0.9	0.000282937
0.9	0.000282937
0.9	0.000282937
0.9	0.000282937
0.9	0.000282937
0.9	0.000282937
0.9	0.000282937
0.9	0.000282937
0.9	0.000282937
0.9	0.000282937
0.9	0.000282937
0.9	0.000282937
0.9	0.000282937
0.9	0.000282937
0.9	0.000282937
0.95	0.000280111
0.95	0.000280111
0.95	0.000280111
0.95	0.000280111
0.95	0.000280111
0.95	0.000280111
0.95	0.000280111
0.95	0.000280111
0.95	0.000280111
0.95	0.000280111
0.95	0.000280111
0.95	0.000280111
0.95	0.000280111
0.95	0.000280111
0.95	0.000280111
0.95	0.000280111
0.95	0.000280111
0.95	0.000280111
0.95	0.000280111
0.95	0.000280111
0.95	0.000280111
0.95	0.000280111
0.95	0.000280111
0.95	0.000280111
0.95	0.000280111
0.95	0.000280111
0.95	0.000280111
0.95	0.000280111
0.95	0.000280111
0.95	0.000280111
0.95	0.000280111
0.95	0.000280111
0.95	0.000280111
0.95	0.000280111
0.95	0.000280111
0.95	0.000280111
0.95	0.000280111
0.95	0.000280111
0.95	0.000280111
0.95	0.000280111
0.95	0.000280111
1	0.000278973
1	0.000278973
1	0.000278973
1	0.000278973
1	0.000278973
1	0.000278973
1	0.000278973
1	0.000278973
1	0.000278973
1	0.000278973
1	0.000278973
1	0.000278973
1	0.000278973
1	0.000278973
1	0.000278973
1	0.000278973
1	0.000278973
1	0.000278973
1	0.000278973
1	0.000278973
1	0.000278973
1	0.000278973
1	0.000278973
1	0.000278973
1	0.000278973
1	0.000278973
1	0.000278973
1	0.000278973
1	0.000278973
1	0.000278973
1	0.000278973
1	0.000278973
1	0.000278973
1	0.000278973
1	0.000278973
1	0.000278973
1	0.000278973
1	0.000278973
1	0.000278973
1	0.000278973
1	0.000278973
1.05	0.000280118
1.05	0.000280118
1.05	0.000280118
1.05	0.000280118
1.05	0.000280118
1.05	0.000280118
1.05	0.000280118
1.05	0.000280118
1.05	0.000280118
1.05	0.000280118
1.05	0.000280118
1.05	0.000280118
1.05	0.000280118
1.05	0.000280118
1.05	0.000280118
1.05	0.000280118
1.05	0.000280118
1.05	0.000280118
1.05	0.000280118
1.05	0.000280118
1.05	0.000280118
1.05	0.000280118
1.05	0.000280118
1.05	0.000280118
1.05	0.000280118
1.05	0.000280118
1.05	0.000280118
1.05	0.000280118
1.05	0.000280118
1.05	0.000280118
1.05	0.000280118
1.05	0.000280118
1.05	0.000280118
1.05	0.000280118
1.05	0.000280118
1.05	0.000280118
1.05	0.000280118
1.05	0.000280118
1.05	0.000280118
1.05	0.000280118
1.05	0.000280118
1.1	0.000282953
1.1	0.000282953
1.1	0.000282953
1.1	0.000282953
1.1	0.000282953
1.1	0.000282953
1.1	0.000282953
1.1	0.000282953
1.1	0.000282953
1.1	0.000282953
1.1	0.000282953
1.1	0.000282953
1.1	0.000282953
1.1	0.000282953
1.1	0.000282953
1.1	0.000282953
1.1	0.000282953
1.1	0.000282953
1.1	0.000282953
1.1	0.000282953
1.1	0.000282953
1.1	0.000282953
1.1	0.000282953
1.1	0.000282953
1.1	0.000282953
1.1	0.000282953
1.1	0.000282953
1.1	0.000282953
1.1	0.000282953
1.1	0.000282953
1.1	0.000282953
1.1	0.000282953
1.1	0.000282953
1.1	0.000282953
1.1	0.000282953
1.1	0.000282953
1.1	0.000282953
1.1	0.000282953
1.1	0.000282953
1.1	0.000282953
1.1	0.000282953
1.15	0.000286299
1.15	0.000286299
1.15	0.000286299
1.15	0.000286299
1.15	0.000286299
1.15	0.000286299
1.15	0.000286299
1.15	0.000286299
1.15	0.000286299
1.15	0.000286299
1.15	0.000286299
1.15	0.000286299
1.15	0.000286299
1.15	0.000286299
1.15	0.000286299
1.15	0.000286299
1.15	0.000286299
1.15	0.000286299
1.15	0.000286299
1.15	0.000286299
1.15	0.000286299
1.15	0.000286299
1.15	0.000286299
1.15	0.000286299
1.15	0.000286299
1.15	0.000286299
1.15	0.000286299
1.15	0.000286299
1.15	0.000286299
1.15	0.000286299
1.15	0.000286299
1.15	0.000286299
1.15	0.000286299
1.15	0.000286299
1.15	0.000286299
1.15	0.000286299
1.15	0.000286299
1.15	0.000286299
1.15	0.000286299
1.15	0.000286299
1.15	0.000286299
1.2	0.000289344
1.2	0.000289344
1.2	0.000289344
1.2	0.000289344
1.2	0.000289344
1.2	0.000289344
1.2	0.000289344
1.2	0.000289344
1.2	0.000289344
1.2	0.000289344
1.2	0.000289344
1.2	0.000289344
1.2	0.000289344
1.2	0.000289344
1.2	0.000289344
1.2	0.000289344
1.2	0.000289344
1.2	0.000289344
1.2	0.000289344
1.2	0.000289344
1.2	0.000289344
1.2	0.000289344
1.2	0.000289344
1.2	0.000289344
1.2	0.000289344
1.2	0.000289344
1.2	0.000289344
1.2	0.000289344
1.2	0.000289344
1.2	0.000289344
1.2	0.000289344
1.2	0.000289344
1.2	0.000289344
1.2	0.000289344
1.2	0.000289344
1.2	0.000289344
1.2	0.000289344
1.2	0.000289344
1.2	0.000289344
1.2	0.000289344
1.2	0.000289344
1.25	0.000291897
1.25	0.000291897
1.25	0.000291897
1.25	0.000291897
1.25	0.000291897
1.25	0.000291897
1.25	0.000291897
1.25	0.000291897
1.25	0.000291897
1.25	0.000291897
1.25	0.000291897
1.25	0.000291897
1.25	0.000291897
1.25	0.000291897
1.25	0.000291897
1.25	0.000291897
1.25	0.000291897
1.25	0.000291897
1.25	0.000291897
1.25	0.000291897
1.25	0.000291897
1.25	0.000291897
1.25	0.000291897
1.25	0.000291897
1.25	0.000291897
1.25	0.000291897
1.25	0.000291897
1.25	0.000291897
1.25	0.000291897
1.25	0.000291897
1.25	0.000291897
1.25	0.000291897
1.25	0.000291897
1.25	0.000291897
1.25	0.000291897
1.25	0.000291897
1.25	0.000291897
1.25	0.000291897
1.25	0.000291897
1.25	0.000291897
1.25	0.000291897
1.3	0.000294064
1.3	0.000294064
1.3	0.000294064
1.3	0.000294064
1.3	0.000294064
1.3	0.000294064
1.3	0.000294064
1.3	0.000294064
1.3	0.000294064
1.3	0.000294064
1.3	0.000294064
1.3	0.000294064
1.3	0.000294064
1.3	0.000294064
1.3	0.000294064
1.3	0.000294064
1.3	0.000294064
1.3	0.000294064
1.3	0.000294064
1.3	0.000294064
1.3	0.000294064
1.3	0.000294064
1.3	0.000294064
1.3	0.000294064
1.3	0.000294064
1.3	0.000294064
1.3	0.000294064
1.3	0.000294064
1.3	0.000294064
1.3	0.000294064
1.3	0.000294064
1.3	0.000294064
1.3	0.000294064
1.3	0.000294064
1.3	0.000294064
1.3	0.000294064
1.3	0.000294064
1.3	0.000294064
1.3	0.000294064
1.3	0.000294064
1.3	0.000294064
1.35	0.000295852
1.35	0.000295852
1.35	0.000295852
1.35	0.000295852
1.35	0.000295852
1.35	0.000295852
1.35	0.000295852
1.35	0.000295852
1.35	0.000295852
1.35	0.000295852
1.35	0.000295852
1.35	0.000295852
1.35	0.000295852
1.35	0.000295852
1.35	0.000295852
1.35	0.000295852
1.35	0.000295852
1.35	0.000295852
1.35	0.000295852
1.35	0.000295852
1.35	0.000295852
1.35	0.000295852
1.35	0.000295852
1.35	0.000295852
1.35	0.000295852
1.35	0.000295852
1.35	0.000295852
1.35	0.000295852
1.35	0.000295852
1.35	0.000295852
1.35	0.000295852
1.35	0.000295852
1.35	0.000295852
1.35	0.000295852
1.35	0.000295852
1.35	0.000295852
1.35	0.000295852
1.35	0.000295852
1.35	0.000295852
1.35	0.000295852
1.35	0.000295852
1.4	0.000297028
1.4	0.000297028
1.4	0.000297028
1.4	0.000297028
1.4	0.000297028
1.4	0.000297028
1.4	0.000297028
1.4	0.000297028
1.4	0.000297028
1.4	0.000297028
1.4	0.000297028
1.4	0.000297028
1.4	0.000297028
1.4	0.000297028
1.4	0.000297028
1.4	0.000297028
1.4	0.000297028
1.4	0.000297028
1.4	0.000297028
1.4	0.000297028
1.4	0.000297028
1.4	0.000297028
1.4	0.000297028
1.4	0.000297028
1.4	0.000297028
1.4	0.000297028
1.4	0.000297028
1.4	0.000297028
1.4	0.000297028
1.4	0.000297028
1.4	0.000297028
1.4	0.000297028
1.4	0.000297028
1.4	0.000297028
1.4	0.000297028
1.4	0.000297028
1.4	0.000297028
1.4	0.000297028
1.4	0.000297028
1.4	0.000297028
1.4	0.000297028
1.45	0.000297338
1.45	0.000297338
1.45	0.000297338
1.45	0.000297338
1.45	0.000297338
1.45	0.000297338
1.45	0.000297338
1.45	0.000297338
1.45	0.000297338
1.45	0.000297338
1.45	0.000297338
1.45	0.000297338
1.45	0.000297338
1.45	0.000297338
1.45	0.000297338
1.45	0.000297338
1.45	0.000297338
1.45	0.000297338
1.45	0.000297338
1.45	0.000297338
1.45	0.000297338
1.45	0.000297338
1.45	0.000297338
1.45	0.000297338
1.45	0.000297338
1.45	0.000297338
1.45	0.000297338
1.45	0.000297338
1.45	0.000297338
1.45	0.000297338
1.45	0.000297338
1.45	0.000297338
1.45	0.000297338
1.45	0.000297338
1.45	0.000297338
1.45	0.000297338
1.45	0.000297338
1.45	0.000297338
1.45	0.000297338
1.45	0.000297338
1.45	0.000297338
1.5	0.000296795
1.5	0.000296795
1.5	0.000296795
1.5	0.000296795
1.5	0.000296795
1.5	0.000296795
1.5	0.000296795
1.5	0.000296795
1.5	0.000296795
1.5	0.000296795
1.5	0.000296795
1.5	0.000296795
1.5	0.000296795
1.5	0.000296795
1.5	0.000296795
1.5	0.000296795
1.5	0.000296795
1.5	0.000296795
1.5	0.000296795
1.5	0.000296795
1.5	0.000296795
1.5	0.000296795
1.5	0.000296795
1.5	0.000296795
1.5	0.000296795
1.5	0.000296795
1.5	0.000296795
1.5	0.000296795
1.5	0.000296795
1.5	0.000296795
1.5	0.000296795
1.5	0.000296795
1.5	0.000296795
1.5	0.000296795
1.5	0.000296795
1.5	0.000296795
1.5	0.000296795
1.5	0.000296795
1.5	0.000296795
1.5	0.000296795
1.5	0.000296795
1.55	0.000295622
1.55	0.000295622
1.55	0.000295622
1.55	0.000295622
1.55	0.000295622
1.55	0.000295622
1.55	0.000295622
1.55	0.000295622
1.55	0.000295622
1.55	0.000295622
1.55	0.000295622
1.55	0.000295622
1.55	0.000295622
1.55	0.000295622
1.55	0.000295622
1.55	0.000295622
1.55	0.000295622
1.55	0.000295622
1.55	0.000295622
1.55	0.000295622
1.55	0.000295622
1.55	0.000295622
1.55	0.000295622
1.55	0.000295622
1.55	0.000295622
1.55	0.000295622
1.55	0.000295622
1.55	0.000295622
1.55	0.000295622
1.55	0.000295622
1.55	0.000295622
1.55	0.000295622
1.55	0.000295622
1.55	0.000295622
1.55	0.000295622
1.55	0.000295622
1.55	0.000295622
1.55	0.000295622
1.55	0.000295622
1.55	0.000295622
1.55	0.000295622
1.6	0.000293875
1.6	0.000293875
1.6	0.000293875
1.6	0.000293875
1.6	0.000293875
1.6	0.000293875
1.6	0.000293875
1.6	0.000293875
1.6	0.000293875
1.6	0.000293875
1.6	0.000293875
1.6	0.000293875
1.6	0.000293875
1.6	0.000293875
1.6	0.000293875
1.6	0.000293875
1.6	0.000293875
1.6	0.000293875
1.6	0.000293875
1.6	0.000293875
1.6	0.000293875
1.6	0.000293875
1.6	0.000293875
1.6	0.000293875
1.6	0.000293875
1.6	0.000293875
1.6	0.000293875
1.6	0.000293875
1.6	0.000293875
1.6	0.000293875
1.6	0.000293875
1.6	0.000293875
1.6	0.000293875
1.6	0.000293875
1.6	0.000293875
1.6	0.000293875
1.6	0.000293875
1.6	0.000293875
1.6	0.000293875
1.6	0.000293875
1.6	0.000293875
1.65	0.000291289
1.65	0.000291289
1.65	0.000291289
1.65	0.000291289
1.65	0.000291289
1.65	0.000291289
1.65	0.000291289
1.65	0.000291289
1.65	0.000291289
1.65	0.000291289
1.65	0.000291289
1.65	0.000291289
1.65	0.000291289
1.65	0.000291289
1.65	0.000291289
1.65	0.000291289
1.65	0.000291289
1.65	0.000291289
1.65	0.000291289
1.65	0.000291289
1.65	0.000291289
1.65	0.000291289
1.65	0.000291289
1.65	0.000291289
1.65	0.000291289
1.65	0.000291289
1.65	0.000291289
1.65	0.000291289
1.65	0.000291289
1.65	0.000291289
1.65	0.000291289
1.65	0.000291289
1.65	0.000291289
1.65	0.000291289
1.65	0.000291289
1.65	0.000291289
1.65	0.000291289
1.65	0.000291289
1.65	0.000291289
1.65	0.000291289
1.65	0.000291289
1.7	0.000287737
1.7	0.000287737
1.7	0.000287737
1.7	0.000287737
1.7	0.000287737
1.7	0.000287737
1.7	0.000287737
1.7	0.000287737
1.7	0.000287737
1.7	0.000287737
1.7	0.000287737
1.7	0.000287737
1.7	0.000287737
1.7	0.000287737
1.7	0.000287737
1.7	0.000287737
1.7	0.000287737
1.7	0.000287737
1.7	0.000287737
1.7	0.000287737
1.7	0.000287737
1.7	0.000287737
1.7	0.000287737
1.7	0.000287737
1.7	0.000287737
1.7	0.000287737
1.7	0.000287737
1.7	0.000287737
1.7	0.000287737
1.7	0.000287737
1.7	0.000287737
1.7	0.000287737
1.7	0.000287737
1.7	0.000287737
1.7	0.000287737
1.7	0.000287737
1.7	0.000287737
1.7	0.000287737
1.7	0.000287737
1.7	0.000287737
1.7	0.000287737
1.75	0.00028336
1.75	0.00028336
1.75	0.00028336
1.75	0.00028336
1.75	0.00028336
1.75	0.00028336
1.75	0.00028336
1.75	0.00028336
1.75	0.00028336
1.75	0.00028336
1.75	0.00028336
1.75	0.00028336
1.75	0.00028336
1.75	0.00028336
1.75	0.00028336
1.75	0.00028336
1.75	0.00028336
1.75	0.00028336
1.75	0.00028336
1.75	0.00028336
1.75	0.00028336
1.75	0.00028336
1.75	0.00028336
1.75	0.00028336
1.75	0.00028336
1.75	0.00028336
1.75	0.00028336
1.75	0.00028336
1.75	0.00028336
1.75	0.00028336
1.75	0.00028336
1.75	0.00028336
1.75	0.00028336
1.75	0.00028336
1.75	0.00028336
1.75	0.00028336
1.75	0.00028336
1.75	0.00028336
1.75	0.00028336
1.75	0.00028336
1.75	0.00028336
1.8	0.000277365
1.8	0.000277365
1.8	0.000277365
1.8	0.000277365
1.8	0.000277365
1.8	0.000277365
1.8	0.000277365
1.8	0.000277365
1.8	0.000277365
1.8	0.000277365
1.8	0.000277365
1.8	0.000277365
1.8	0.000277365
1.8	0.000277365
1.8	0.000277365
1.8	0.000277365
1.8	0.000277365
1.8	0.000277365
1.8	0.000277365
1.8	0.000277365
1.8	0.000277365
1.8	0.000277365
1.8	0.000277365
1.8	0.000277365
1.8	0.000277365
1.8	0.000277365
1.8	0.000277365
1.8	0.000277365
1.8	0.000277365
1.8	0.000277365
1.8	0.000277365
1.8	0.000277365
1.8	0.000277365
1.8	0.000277365
1.8	0.000277365
1.8	0.000277365
1.8	0.000277365
1.8	0.000277365
1.8	0.000277365
1.8	0.000277365
1.8	0.000277365
1.85	0.00026601
1.85	0.00026601
1.85	0.00026601
1.85	0.00026601
1.85	0.00026601
1.85	0.00026601
1.85	0.00026601
1.85	0.00026601
1.85	0.00026601
1.85	0.00026601
1.85	0.00026601
1.85	0.00026601
1.85	0.00026601
1.85	0.00026601
1.85	0.00026601
1.85	0.00026601
1.85	0.00026601
1.85	0.00026601
1.85	0.00026601
1.85	0.00026601
1.85	0.00026601
1.85	0.00026601
1.85	0.00026601
1.85	0.00026601
1.85	0.00026601
1.85	0.00026601
1.85	0.00026601
1.85	0.00026601
1.85	0.00026601
1.85	0.00026601
1.85	0.00026601
1.85	0.00026601
1.85	0.00026601
1.85	0.00026601
1.85	0.00026601
1.85	0.00026601
1.85	0.00026601
1.85	0.00026601
1.85	0.00026601
1.85	0.00026601
1.85	0.00026601
1.9	0.000242285
1.9	0.000242285
1.9	0.000242285
1.9	0.000242285
1.9	0.000242285
1.9	0.000242285
1.9	0.000242285
1.9	0.000242285
1.9	0.000242285
1.9	0.000242285
1.9	0.000242285
1.9	0.000242285
1.9	0.000242285
1.9	0.000242285
1.9	0.000242285
1.9	0.000242285
1.9	0.000242285
1.9	0.000242285
1.9	0.000242285
1.9	0.000242285
1.9	0.000242285
1.9	0.000242285
1.9	0.000242285
1.9	0.000242285
1.9	0.000242285
1.9	0.000242285
1.9	0.000242285
1.9	0.000242285
1.9	0.000242285
1.9	0.000242285
1.9	0.000242285
1.9	0.000242285
1.9	0.000242285
1.9	0.000242285
1.9	0.000242285
1.9	0.000242285
1.9	0.000242285
1.9	0.000242285
1.9	0.000242285
1.9	0.000242285
1.9	0.000242285
1.95	0.000190561
1.95	0.000190561
1.95	0.000190561
1.95	0.000190561
1.95	0.000190561
1.95	0.000190561
1.95	0.000190561
1.95	0.000190561
1.95	0.000190561
1.95	0.000190561
1.95	0.000190561
1.95	0.000190561
1.95	0.000190561
1.95	0.000190561
1.95	0.000190561
1.95	0.000190561
1.95	0.000190561
1.95	0.000190561
1.95	0.000190561
1.95	0.000190561
1.95	0.000190561
1.95	0.000190561
1.95	0.000190561
1.95	0.000190561
1.95	0.000190561
1.95	0.000190561
1.95	0.000190561
1.95	0.000190561
1.95	0.000190561
1.95	0.000190561
1.95	0.000190561
1.95	0.000190561
1.95	0.000190561
1.95	0.000190561
1.95	0.000190561
1.95	0.000190561
1.95	0.000190561
1.95	0.000190561
1.95	0.000190561
1.95	0.000190561
1.95	0.000190561
2	0.00015483
2	0.00015483
2	0.00015483
2	0.00015483
2	0.00015483
2	0.00015483
2	0.00015483
2	0.00015483
2	0.00015483
2	0.00015483
2	0.00015483
2	0.00015483
2	0.00015483
2	0.00015483
2	0.00015483
2	0.00015483
2	0.00015483
2	0.00015483
2	0.00015483
2	0.00015483
2	0.00015483
2	0.00015483
2	0.00015483
2	0.00015483
2	0.00015483
2	0.00015483
2	0.00015483
2	0.00015483
2	0.00015483
2	0.00015483
2	0.00015483
2	0.00015483
2	0.00015483
2	0.00015483
2	0.00015483
2	0.00015483
2	0.00015483
2	0.00015483
2	0.00015483
2	0.000154831
2	0.000154831
)
